game_time,true_time,x,y,az,vx,vaz,dis_to_obs_0,dis_to_obs_36,dis_to_obs_72,dis_to_obs_108,dis_to_obs_144,dis_to_obs_180,dis_to_obs_-144,dis_to_obs_-108,dis_to_obs_-72,dis_to_obs_-36,dis_to_min_obs,direction_to_min_obs,dis_to_human_0,dis_to_human_36,dis_to_human_72,dis_to_human_108,dis_to_human_144,dis_to_human_180,dis_to_human_-144,dis_to_human_-108,dis_to_human_-72,dis_to_human_-36,dis_to_min_human,direction_to_min_human,main_cam_yaw,main_cam_pitch,left_joint_1,left_joint_2,left_joint_3,left_joint_4,left_joint_5,left_joint_6,left_joint_7,left_joint_gripper,left_is_grasping,left_end_x,left_end_y,left_end_z,left_end_ax,left_end_ay,left_end_az,right_joint_1,right_joint_2,right_joint_3,right_joint_4,right_joint_5,right_joint_6,right_joint_7,right_joint_gripper,right_is_grasping,right_end_x,right_end_y,right_end_z,right_end_ax,right_end_ay,right_end_az,
10.220,17.339,0.966,-9.944,1.767,1.026,6.274,3.524,0.000,1.548,1.340,2.949,0.000,2.762,2.047,0.000,3.769,0.000,3.142,0.000,0.000,0.000,0.000,0.000,0.000,0.000,0.000,0.000,0.000,0.000,3.142,6.282,0.001,1.004,1.569,1.569,4.085,6.281,1.199,4.712,0.000,0.000,0.528,-9.430,0.990,4.909,4.688,4.735,5.281,4.711,4.711,2.197,6.282,5.083,1.570,0.000,0.000,1.171,-9.302,0.990,4.909,4.687,4.737,
10.306,17.425,0.942,-9.828,1.766,0.992,6.274,3.405,0.000,1.652,1.312,2.887,0.000,2.795,2.070,0.000,3.642,0.000,3.142,0.000,0.000,0.000,0.000,0.000,0.000,0.000,0.000,0.000,0.000,0.000,3.142,6.282,0.000,1.004,1.569,1.569,4.084,6.281,1.199,4.712,0.000,0.000,0.505,-9.314,0.990,4.909,4.689,4.735,5.281,4.711,4.711,2.197,6.282,5.083,1.570,0.000,0.000,1.148,-9.186,0.990,4.909,4.688,4.736,
10.420,17.539,0.927,-9.751,1.766,1.004,6.273,3.326,0.000,1.721,1.295,2.847,0.000,2.816,2.086,0.000,3.558,0.000,3.142,0.000,0.000,0.000,0.000,0.000,0.000,0.000,0.000,0.000,0.000,0.000,3.142,6.282,0.000,1.004,1.569,1.569,4.084,6.281,1.199,4.712,0.000,0.000,0.490,-9.237,0.990,4.909,4.689,4.734,5.281,4.711,4.711,2.197,6.282,5.083,1.570,0.000,0.000,1.133,-9.109,0.990,4.909,4.688,4.736,
10.520,17.639,0.904,-9.633,1.766,1.021,6.271,3.205,0.000,1.825,1.267,2.786,0.000,2.848,2.109,0.000,3.430,0.000,3.142,0.000,0.000,0.000,0.000,0.000,0.000,0.000,0.000,0.000,0.000,0.000,3.142,6.282,0.000,1.004,1.569,1.569,4.085,6.281,1.199,4.712,0.000,0.000,0.467,-9.119,0.990,4.909,4.689,4.735,5.281,4.711,4.711,2.197,6.282,5.083,1.570,0.000,0.000,1.110,-8.991,0.990,4.909,4.688,4.736,
10.620,17.739,0.884,-9.535,1.766,1.012,6.270,3.105,0.000,1.554,1.258,2.736,0.000,2.874,2.129,0.000,3.322,0.000,3.142,0.000,0.000,0.000,0.000,0.000,0.000,0.000,0.000,0.000,0.000,0.000,3.142,6.282,0.000,1.004,1.569,1.569,4.085,6.281,1.199,4.712,0.000,0.000,0.447,-9.021,0.990,4.908,4.688,4.735,5.281,4.711,4.711,2.197,6.282,5.083,1.570,0.000,0.000,1.091,-8.893,0.990,4.908,4.688,4.736,
10.720,17.839,0.865,-9.438,1.766,1.006,6.269,3.006,0.000,1.482,1.315,2.687,0.000,2.901,1.748,0.000,3.216,0.000,3.142,0.000,0.000,0.000,0.000,0.000,0.000,0.000,0.000,0.000,0.000,0.000,3.142,6.282,0.000,1.004,1.569,1.569,4.085,6.281,1.199,4.712,0.000,0.000,0.428,-8.924,0.990,4.908,4.688,4.735,5.281,4.711,4.711,2.198,6.282,5.083,1.570,0.000,0.000,1.072,-8.796,0.990,4.909,4.688,4.736,
10.820,17.939,0.846,-9.340,1.766,1.011,6.269,2.906,0.000,1.410,1.371,2.638,0.000,2.927,1.767,0.000,3.109,0.000,3.142,0.000,0.000,0.000,0.000,0.000,0.000,0.000,0.000,0.000,0.000,0.000,3.142,6.282,0.000,1.004,1.569,1.569,4.085,6.281,1.199,4.712,0.000,0.000,0.409,-8.827,0.990,4.908,4.688,4.735,5.281,4.711,4.711,2.198,6.282,5.083,1.570,0.000,0.000,1.052,-8.699,0.990,4.909,4.688,4.735,
10.901,18.021,0.827,-9.243,1.766,1.014,6.268,2.806,0.000,1.338,1.429,2.589,0.000,2.952,1.786,0.000,3.002,0.000,3.142,0.000,0.000,0.000,0.000,0.000,0.000,0.000,0.000,0.000,0.000,0.000,3.142,6.282,0.000,1.004,1.569,1.569,4.085,6.281,1.199,4.712,0.000,0.000,0.389,-8.729,0.990,4.909,4.688,4.735,5.281,4.711,4.711,2.198,6.282,5.083,1.570,0.000,0.000,1.033,-8.601,0.990,4.909,4.688,4.735,
11.020,18.139,0.811,-9.164,1.766,1.012,6.268,2.726,0.000,1.280,1.474,2.550,0.000,2.973,1.802,4.471,2.916,0.000,3.142,0.000,0.000,0.000,0.000,0.000,0.000,0.000,0.000,0.000,0.000,0.000,3.142,6.282,0.000,1.004,1.569,1.569,4.085,6.281,1.199,4.712,0.000,0.000,0.374,-8.651,0.990,4.909,4.688,4.735,5.281,4.711,4.711,2.198,6.282,5.083,1.570,0.000,0.000,1.017,-8.523,0.990,4.909,4.689,4.735,
11.120,18.239,0.788,-9.047,1.767,1.010,6.268,2.607,0.000,1.326,1.543,2.492,0.000,3.004,1.825,0.000,2.788,0.000,3.142,0.000,0.000,0.000,0.000,0.000,0.000,0.000,0.000,0.000,0.000,0.000,3.142,6.282,0.000,1.004,1.569,1.569,4.085,6.281,1.199,4.712,0.000,0.000,0.350,-8.534,0.990,4.909,4.688,4.735,5.281,4.711,4.711,2.198,6.282,5.083,1.570,0.000,0.000,0.994,-8.406,0.990,4.909,4.689,4.735,
11.220,18.339,0.768,-8.950,1.768,1.012,0.010,2.507,0.000,1.503,1.599,2.447,0.000,3.028,1.845,4.919,2.680,0.000,3.142,0.000,0.000,0.000,0.000,0.000,0.000,0.000,0.000,0.000,0.000,0.000,3.142,6.283,0.000,1.003,1.569,1.569,4.085,6.281,1.199,4.712,0.000,0.000,0.331,-8.436,0.990,4.909,4.687,4.736,5.281,4.711,4.712,2.198,6.282,5.083,1.570,0.000,0.000,0.974,-8.308,0.990,4.909,4.691,4.733,
11.320,18.439,0.749,-8.852,1.801,1.011,0.908,2.426,4.867,1.570,1.643,2.601,0.000,2.967,2.258,4.468,2.538,0.000,3.142,0.000,0.000,0.000,0.000,0.000,0.000,0.000,0.000,0.000,0.000,0.000,3.142,0.001,0.000,1.003,1.571,1.572,4.086,6.281,1.199,4.712,0.000,0.000,0.297,-8.353,0.990,4.938,4.690,4.734,5.281,4.713,4.714,2.199,6.281,5.083,1.571,0.000,0.000,0.935,-8.204,0.991,4.939,4.698,4.726,
11.420,18.539,0.724,-8.756,1.912,1.011,1.439,2.410,4.452,1.421,1.665,3.596,4.423,2.754,0.000,3.651,1.884,0.000,3.106,0.000,0.000,0.000,0.000,0.000,0.000,0.000,0.000,0.000,0.000,0.000,3.142,0.002,0.000,1.003,1.571,1.571,4.085,6.282,1.199,4.712,0.000,0.000,0.217,-8.310,0.990,5.053,4.699,4.724,5.282,4.713,4.713,2.198,6.282,5.083,1.571,0.000,0.000,0.836,-8.091,0.991,5.052,4.703,4.721,
11.506,18.625,0.687,-8.663,2.025,1.017,1.051,2.428,4.431,1.316,1.697,0.000,4.474,2.614,0.000,3.080,2.191,0.000,3.001,0.000,0.000,0.000,0.000,0.000,0.000,0.000,0.000,0.000,0.000,0.000,3.142,0.001,0.000,1.003,1.570,1.569,4.085,6.282,1.199,4.712,0.000,0.000,0.133,-8.278,0.990,5.168,4.702,4.720,5.282,4.712,4.711,2.198,6.283,5.083,1.570,0.000,0.000,0.723,-7.990,0.991,5.167,4.705,4.718,
11.620,18.739,0.651,-8.591,2.086,1.020,0.807,2.454,0.000,1.291,1.726,0.000,4.766,2.140,0.000,2.808,2.101,0.000,2.931,0.000,0.000,0.000,0.000,0.000,0.000,0.000,0.000,0.000,0.000,0.000,3.142,0.001,0.000,1.003,1.570,1.569,4.085,6.282,1.199,4.712,0.000,0.000,0.075,-8.240,0.990,5.228,4.703,4.720,5.282,4.712,4.712,2.198,6.282,5.083,1.570,0.000,0.000,0.646,-7.917,0.991,5.228,4.705,4.718,
11.720,18.839,0.589,-8.488,2.176,1.011,0.994,2.080,0.000,1.261,1.774,0.000,4.240,2.130,0.000,2.481,1.988,0.000,2.861,0.000,0.000,0.000,0.000,0.000,0.000,0.000,0.000,0.000,0.000,0.000,3.142,0.001,0.000,1.003,1.570,1.570,4.086,6.281,1.199,4.712,0.000,0.000,-0.016,-8.190,0.990,5.316,4.704,4.719,5.282,4.712,4.713,2.198,6.282,5.083,1.570,0.000,0.000,0.524,-7.817,0.991,5.316,4.707,4.717,
11.820,18.939,0.531,-8.408,2.268,1.010,1.102,2.131,0.000,1.219,1.825,0.000,3.845,2.543,0.000,2.236,1.914,0.000,2.755,0.000,0.000,0.000,0.000,0.000,0.000,0.000,0.000,0.000,0.000,0.000,3.142,0.001,0.000,1.003,1.570,1.570,4.085,6.281,1.199,4.712,0.000,0.000,-0.099,-8.167,0.990,5.409,4.705,4.717,5.282,4.712,4.712,2.198,6.282,5.083,1.570,0.000,0.000,0.404,-7.745,0.991,5.409,4.707,4.715,
11.920,19.039,0.465,-8.333,2.360,1.015,1.014,4.799,0.000,1.183,1.884,0.000,3.572,0.000,3.954,2.043,1.861,0.000,2.685,0.000,0.000,0.000,0.000,0.000,0.000,0.000,0.000,0.000,0.000,0.000,3.142,0.001,0.000,1.003,1.570,1.570,4.085,6.282,1.199,4.712,0.000,0.000,-0.185,-8.151,0.990,5.502,4.706,4.716,5.282,4.712,4.712,2.198,6.282,5.083,1.570,0.000,0.000,0.278,-7.685,0.991,5.501,4.708,4.715,
12.020,19.139,0.392,-8.264,2.445,1.016,0.986,4.358,0.000,1.154,1.948,0.000,3.399,0.000,3.283,1.893,1.826,0.000,2.791,0.000,0.000,0.000,0.000,0.000,0.000,0.000,0.000,0.000,0.000,0.000,3.142,0.001,0.000,1.003,1.570,1.570,4.085,6.281,1.199,4.712,0.000,0.000,-0.270,-8.138,0.990,5.587,4.706,4.715,5.282,4.712,4.712,2.198,6.282,5.083,1.570,0.000,0.000,0.150,-7.635,0.991,5.586,4.708,4.714,
12.107,19.227,0.314,-8.202,2.531,1.014,1.007,3.996,3.567,1.127,2.023,0.000,3.278,0.000,2.801,1.774,1.809,0.000,2.720,0.000,0.000,0.000,0.000,0.000,0.000,0.000,0.000,0.000,0.000,0.000,3.142,0.001,0.000,1.003,1.570,1.570,4.086,6.281,1.199,4.712,0.000,0.000,-0.357,-8.133,0.990,5.672,4.707,4.715,5.282,4.712,4.712,2.198,6.282,5.083,1.570,0.000,0.000,0.019,-7.595,0.991,5.672,4.708,4.714,
12.220,19.339,0.248,-8.157,2.601,1.013,1.021,3.749,3.519,1.105,2.199,0.000,2.745,0.000,2.503,1.696,1.812,0.000,2.685,0.000,0.000,0.000,0.000,0.000,0.000,0.000,0.000,0.000,0.000,0.000,3.142,0.001,0.000,1.003,1.570,1.570,4.085,6.282,1.199,4.712,0.000,0.000,-0.426,-8.135,0.990,5.743,4.707,4.714,5.282,4.712,4.712,2.198,6.282,5.083,1.570,0.000,0.000,-0.089,-7.573,0.991,5.742,4.708,4.714,
12.320,19.439,0.143,-8.099,2.707,1.014,1.016,3.553,3.473,1.074,3.569,0.000,2.710,0.000,1.574,1.609,1.501,0.000,2.580,0.000,0.000,0.000,0.000,0.000,0.000,0.000,0.000,0.000,0.000,0.000,3.142,0.001,0.000,1.003,1.570,1.570,4.085,6.282,1.199,4.712,0.000,0.000,-0.529,-8.149,0.990,5.849,4.707,4.714,5.282,4.712,4.712,2.198,6.282,5.083,1.570,0.000,0.000,-0.253,-7.553,0.991,5.848,4.709,4.713,
12.420,19.539,0.052,-8.059,2.795,1.014,1.017,4.667,3.197,1.047,0.000,0.000,3.135,0.000,1.964,1.559,1.538,0.000,2.545,0.000,0.000,0.000,0.000,0.000,0.000,0.000,0.000,0.000,0.000,0.000,3.142,0.001,0.000,1.003,1.570,1.570,4.085,6.281,1.199,4.712,0.000,0.000,-0.614,-8.167,0.990,5.936,4.707,4.713,5.282,4.712,4.712,2.198,6.282,5.083,1.570,0.000,0.000,-0.391,-7.550,0.991,5.936,4.709,4.713,
12.520,19.639,-0.043,-8.027,2.882,1.014,1.010,0.000,3.197,1.021,0.000,4.644,3.791,3.148,1.810,1.531,4.079,0.000,2.475,0.000,0.000,0.000,0.000,0.000,0.000,0.000,0.000,0.000,0.000,0.000,3.142,0.001,0.000,1.003,1.570,1.570,4.085,6.282,1.199,4.712,0.000,0.000,-0.697,-8.193,0.990,6.023,4.708,4.713,5.282,4.712,4.712,2.198,6.282,5.083,1.570,0.000,0.000,-0.528,-7.559,0.991,6.023,4.709,4.713,
12.620,19.739,-0.140,-8.004,2.966,1.014,0.779,0.000,3.213,0.994,0.000,4.386,0.000,3.417,1.698,1.521,4.065,0.000,3.142,0.000,0.000,0.000,0.000,0.000,0.000,0.000,0.000,0.000,0.000,0.000,3.142,0.001,0.000,1.004,1.570,1.568,4.085,6.282,1.199,4.712,0.000,0.000,-0.778,-8.225,0.990,6.108,4.708,4.712,5.282,4.712,4.711,2.198,6.282,5.083,1.570,0.000,0.000,-0.663,-7.579,0.991,6.108,4.709,4.712,
12.710,19.830,-0.238,-7.988,2.989,1.012,6.255,0.000,3.142,0.961,0.000,4.422,0.000,3.225,1.660,1.118,3.834,0.000,3.142,0.000,0.000,0.000,0.000,0.000,0.000,0.000,0.000,0.000,0.000,0.000,3.142,6.282,0.000,1.004,1.569,1.568,4.085,6.281,1.199,4.712,0.000,0.000,-0.871,-8.224,0.990,6.133,4.707,4.712,5.281,4.711,4.710,2.198,6.282,5.083,1.570,0.000,0.000,-0.771,-7.576,0.990,6.133,4.708,4.712,
12.820,19.939,-0.317,-7.976,2.989,1.009,6.269,0.000,3.052,0.932,0.000,4.529,0.000,3.198,1.646,1.053,3.725,0.000,3.142,0.000,0.000,0.000,0.000,0.000,0.000,0.000,0.000,0.000,0.000,0.000,3.142,6.282,0.000,1.004,1.569,1.569,4.085,6.281,1.199,4.712,0.000,0.000,-0.949,-8.211,0.990,6.131,4.708,4.712,5.281,4.711,4.711,2.198,6.282,5.083,1.570,0.000,0.000,-0.850,-7.563,0.990,6.132,4.708,4.713,
12.920,20.039,-0.435,-7.958,2.989,1.011,6.269,0.000,2.918,0.888,0.000,4.690,0.000,3.158,1.626,1.177,3.561,0.000,3.142,0.000,0.000,0.000,0.000,0.000,0.000,0.000,0.000,0.000,0.000,0.000,3.142,6.282,0.000,1.004,1.569,1.569,4.085,6.281,1.199,4.712,0.000,0.000,-1.067,-8.193,0.990,6.132,4.708,4.712,5.281,4.711,4.711,2.198,6.282,5.083,1.570,0.000,0.000,-0.968,-7.545,0.990,6.132,4.708,4.713,
13.007,20.126,-0.533,-7.942,2.990,1.013,6.268,0.000,2.807,0.852,0.000,4.823,0.000,3.125,1.609,1.162,3.424,0.000,3.142,0.000,0.000,0.000,0.000,0.000,0.000,0.000,0.000,0.000,0.000,0.000,3.142,6.282,0.000,1.004,1.569,1.569,4.085,6.281,1.199,4.712,0.000,0.000,-1.165,-8.178,0.990,6.132,4.708,4.712,5.281,4.711,4.711,2.198,6.282,5.083,1.570,0.000,0.000,-1.066,-7.530,0.990,6.132,4.708,4.713,
13.120,20.239,-0.612,-7.930,2.990,1.012,6.268,0.000,2.717,0.823,2.312,4.930,0.000,2.142,1.596,1.149,3.314,0.000,3.142,0.000,0.000,0.000,0.000,0.000,0.000,0.000,0.000,0.000,0.000,0.000,3.142,6.282,0.000,1.004,1.569,1.569,4.085,6.281,1.199,4.712,0.000,0.000,-1.244,-8.167,0.990,6.132,4.708,4.712,5.281,4.711,4.711,2.198,6.282,5.083,1.570,0.000,0.000,-1.145,-7.518,0.990,6.132,4.708,4.713,
13.212,20.332,-0.730,-7.912,2.990,1.011,6.267,0.000,2.442,0.779,1.028,0.000,0.000,2.165,1.575,1.131,3.149,0.000,3.142,0.000,0.000,0.000,0.000,0.000,0.000,0.000,0.000,0.000,0.000,0.000,3.142,6.282,0.000,1.004,1.569,1.569,4.085,6.281,1.199,4.712,0.000,0.000,-1.362,-8.149,0.990,6.132,4.708,4.712,5.281,4.711,4.711,2.198,6.282,5.083,1.570,0.000,0.000,-1.263,-7.500,0.990,6.132,4.708,4.712,
13.320,20.439,-0.809,-7.900,2.987,1.012,6.064,0.000,2.490,0.890,0.987,0.000,0.000,3.048,1.564,4.572,3.048,0.000,3.142,0.000,0.000,0.000,0.000,0.000,0.000,0.000,0.000,0.000,0.000,0.000,3.142,6.281,0.001,1.004,1.568,1.567,4.084,6.281,1.199,4.712,0.000,0.000,-1.441,-8.136,0.990,6.131,4.708,4.712,5.281,4.710,4.710,2.197,6.282,5.083,1.570,0.000,0.000,-1.341,-7.488,0.990,6.131,4.707,4.712,
13.420,20.539,-0.927,-7.880,2.904,1.012,4.990,0.000,2.535,1.477,0.873,0.000,4.752,3.596,1.614,4.650,3.149,0.000,2.685,0.000,0.000,0.000,0.000,0.000,0.000,0.000,0.000,0.000,0.000,0.000,3.142,6.280,0.001,1.005,1.568,1.565,4.084,6.281,1.199,4.711,0.000,0.000,-1.577,-8.064,0.990,6.050,4.708,4.712,5.282,4.710,4.708,2.197,6.282,5.083,1.570,0.000,0.000,-1.423,-7.425,0.990,6.049,4.708,4.712,
13.520,20.639,-1.023,-7.855,2.803,1.009,5.614,0.000,2.339,1.610,0.787,0.000,3.843,4.690,1.696,4.157,3.414,0.000,2.826,0.000,0.000,0.000,0.000,0.000,0.000,0.000,0.000,0.000,0.000,0.000,3.142,6.281,0.000,1.004,1.570,1.570,4.085,6.280,1.199,4.712,0.000,0.000,-1.688,-7.968,0.990,5.943,4.707,4.713,5.282,4.712,4.712,2.198,6.281,5.083,1.571,0.000,0.000,-1.470,-7.349,0.991,5.943,4.709,4.713,
13.617,20.736,-1.116,-7.821,2.790,1.011,6.271,0.000,2.232,3.151,0.766,0.000,3.960,4.769,1.116,4.511,3.310,0.000,2.861,0.000,0.000,0.000,0.000,0.000,0.000,0.000,0.000,0.000,0.000,0.000,3.142,6.283,0.000,1.003,1.569,1.570,4.085,6.281,1.199,4.712,0.000,0.000,-1.783,-7.927,0.990,5.932,4.707,4.713,5.281,4.711,4.712,2.198,6.282,5.083,1.570,0.000,0.000,-1.557,-7.311,0.990,5.932,4.708,4.713,
13.720,20.839,-1.191,-7.794,2.791,1.012,6.270,0.000,2.155,3.030,0.923,0.000,4.038,4.653,1.114,5.000,3.174,0.000,2.896,0.000,0.000,0.000,0.000,0.000,0.000,0.000,0.000,0.000,0.000,0.000,3.142,6.283,0.000,1.003,1.569,1.569,4.085,6.281,1.199,4.712,0.000,0.000,-1.857,-7.900,0.990,5.933,4.707,4.713,5.281,4.711,4.712,2.198,6.282,5.083,1.570,0.000,0.000,-1.632,-7.284,0.990,5.933,4.708,4.713,
13.818,20.938,-1.304,-7.753,2.792,1.012,6.279,0.000,2.038,2.845,1.160,0.000,4.156,4.492,1.581,0.000,2.973,0.000,2.931,0.000,0.000,0.000,0.000,0.000,0.000,0.000,0.000,0.000,0.000,0.000,3.142,6.282,0.000,1.004,1.569,1.569,4.085,6.281,1.199,4.712,0.000,0.000,-1.969,-7.860,0.990,5.935,4.707,4.713,5.281,4.711,4.711,2.197,6.282,5.083,1.570,0.000,0.000,-1.746,-7.244,0.990,5.935,4.707,4.714,
13.920,21.039,-1.378,-7.726,2.776,1.011,5.686,0.000,1.950,2.662,1.432,1.447,4.262,4.656,1.186,0.000,2.910,0.000,3.001,0.000,0.000,0.000,0.000,0.000,0.000,0.000,0.000,0.000,0.000,0.000,3.142,6.281,0.001,1.004,1.568,1.566,4.084,6.281,1.199,4.711,0.000,0.000,-2.046,-7.824,0.990,5.922,4.708,4.712,5.281,4.710,4.708,2.197,6.282,5.083,1.570,0.000,0.000,-1.813,-7.211,0.990,5.922,4.707,4.713,
14.020,21.139,-1.489,-7.680,2.658,1.011,4.880,2.628,4.795,1.985,1.492,1.133,0.000,0.000,1.253,4.032,3.315,0.000,3.142,0.000,0.000,0.000,0.000,0.000,0.000,0.000,0.000,0.000,0.000,0.000,3.142,6.280,0.001,1.004,1.568,1.566,4.085,6.281,1.199,4.712,0.000,0.000,-2.164,-7.699,0.990,5.803,4.707,4.713,5.282,4.711,4.709,2.197,6.282,5.083,1.570,0.000,0.000,-1.860,-7.117,0.991,5.802,4.708,4.713,
14.101,21.220,-1.576,-7.632,2.541,1.007,5.120,1.832,0.000,2.174,1.578,1.112,0.000,0.000,1.838,3.955,2.915,0.000,3.142,0.000,0.000,0.000,0.000,0.000,0.000,0.000,0.000,0.000,0.000,0.000,3.142,6.280,0.001,1.004,1.569,1.568,4.085,6.281,1.199,4.712,0.000,0.000,-2.248,-7.571,0.990,5.684,4.706,4.714,5.282,4.711,4.711,2.198,6.282,5.083,1.570,0.000,0.000,-1.878,-7.029,0.991,5.684,4.708,4.714,
14.220,21.339,-1.641,-7.586,2.470,1.011,5.387,1.786,0.000,1.963,3.502,1.290,0.000,0.000,1.945,3.306,2.799,0.000,3.142,0.000,0.000,0.000,0.000,0.000,0.000,0.000,0.000,0.000,0.000,0.000,3.142,6.281,0.001,1.004,1.569,1.568,4.085,6.281,1.199,4.712,0.000,0.000,-2.307,-7.478,0.990,5.613,4.706,4.715,5.282,4.711,4.711,2.197,6.282,5.083,1.570,0.000,0.000,-1.899,-6.963,0.991,5.613,4.707,4.715,
14.320,21.439,-1.733,-7.509,2.378,1.018,5.356,1.724,4.496,1.746,3.101,1.685,0.000,0.000,2.103,0.000,3.210,0.000,3.142,0.000,0.000,0.000,0.000,0.000,0.000,0.000,0.000,0.000,0.000,0.000,3.142,6.281,0.001,1.004,1.569,1.567,4.085,6.281,1.199,4.712,0.000,0.000,-2.387,-7.340,0.990,5.522,4.706,4.715,5.282,4.711,4.710,2.197,6.282,5.083,1.570,0.000,0.000,-1.933,-6.866,0.990,5.522,4.706,4.716,
14.420,21.539,-1.804,-7.439,2.291,1.011,5.234,1.778,4.700,1.591,2.458,1.732,2.026,0.000,1.412,0.000,0.000,0.000,1.000,0.000,0.000,0.000,0.000,0.000,0.000,0.000,0.000,0.000,0.000,0.000,3.142,6.280,0.001,1.004,1.568,1.567,4.085,6.281,1.199,4.712,0.000,0.000,-2.441,-7.214,0.990,5.435,4.705,4.716,5.282,4.711,4.710,2.197,6.282,5.083,1.570,0.000,0.000,-1.948,-6.780,0.991,5.434,4.706,4.716,
14.520,21.639,-1.868,-7.363,2.199,1.010,5.256,1.880,4.508,4.691,2.005,1.795,1.683,0.000,1.431,0.000,4.260,0.000,1.106,0.000,0.000,0.000,0.000,0.000,0.000,0.000,0.000,0.000,0.000,0.000,3.142,6.280,0.001,1.004,1.568,1.567,4.085,6.281,1.199,4.712,0.000,0.000,-2.481,-7.080,0.990,5.343,4.704,4.718,5.282,4.711,4.710,2.197,6.282,5.083,1.570,0.000,0.000,-1.951,-6.694,0.991,5.342,4.705,4.717,
14.620,21.739,-1.925,-7.281,2.112,1.015,5.294,2.029,2.102,4.583,2.087,0.000,1.541,4.911,1.480,1.432,3.863,0.000,2.545,0.000,0.000,0.000,0.000,0.000,0.000,0.000,0.000,0.000,0.000,0.000,3.142,6.281,0.001,1.004,1.569,1.567,4.085,6.281,1.199,4.712,0.000,0.000,-2.511,-6.946,0.990,5.255,4.703,4.719,5.282,4.711,4.710,2.197,6.282,5.083,1.570,0.000,0.000,-1.949,-6.607,0.991,5.255,4.704,4.718,
14.720,21.839,-1.975,-7.194,2.026,1.015,5.299,2.253,1.266,0.000,1.825,3.744,1.728,0.000,4.716,1.375,3.990,0.000,2.650,0.000,0.000,0.000,0.000,0.000,0.000,0.000,0.000,0.000,0.000,0.000,3.142,6.281,0.001,1.004,1.568,1.567,4.085,6.281,1.199,4.712,0.000,0.000,-2.530,-6.810,0.990,5.169,4.701,4.721,5.282,4.711,4.710,2.197,6.282,5.083,1.570,0.000,0.000,-1.941,-6.521,0.991,5.169,4.702,4.720,
14.807,21.926,-2.017,-7.104,1.938,1.012,5.270,2.618,1.156,0.000,1.625,3.899,1.949,0.000,3.212,1.325,4.443,0.000,2.755,0.000,0.000,0.000,0.000,0.000,0.000,0.000,0.000,0.000,0.000,0.000,3.142,6.281,0.001,1.004,1.569,1.567,4.085,6.281,1.199,4.712,0.000,0.000,-2.537,-6.672,0.990,5.082,4.699,4.723,5.282,4.711,4.710,2.197,6.282,5.083,1.570,0.000,0.000,-1.924,-6.436,0.991,5.081,4.700,4.723,
14.920,22.039,-2.045,-7.029,1.867,1.012,5.269,2.238,1.178,4.155,1.796,3.231,2.225,0.000,0.000,1.289,3.506,0.000,2.826,0.000,0.000,0.000,0.000,0.000,0.000,0.000,0.000,0.000,0.000,0.000,3.142,6.281,0.001,1.004,1.569,1.567,4.085,6.281,1.199,4.712,0.000,0.000,-2.533,-6.562,0.990,5.011,4.696,4.727,5.282,4.711,4.710,2.197,6.282,5.083,1.570,0.000,0.000,-1.905,-6.370,0.991,5.011,4.698,4.725,
15.010,22.130,-2.077,-6.913,1.762,1.014,5.279,2.058,1.239,3.702,4.075,2.341,2.285,0.000,0.000,1.241,3.526,0.000,2.966,0.000,0.000,0.000,0.000,0.000,0.000,0.000,0.000,0.000,0.000,0.000,3.142,6.281,0.001,1.004,1.569,1.567,4.085,6.281,1.199,4.712,0.000,0.000,-2.512,-6.398,0.990,4.906,4.687,4.736,5.282,4.711,4.710,2.197,6.282,5.083,1.570,0.000,0.000,-1.868,-6.273,0.991,4.905,4.690,4.733,
15.120,22.239,-2.091,-6.835,1.692,1.014,5.279,1.954,1.305,1.029,4.703,2.435,2.339,0.000,0.000,1.213,3.362,0.000,3.036,0.000,0.000,0.000,0.000,0.000,0.000,0.000,0.000,0.000,0.000,0.000,3.142,6.281,0.001,1.004,1.569,1.567,4.085,6.281,1.199,4.712,0.000,0.000,-2.490,-6.290,0.990,4.836,4.673,4.750,5.282,4.711,4.710,2.197,6.282,5.083,1.570,0.000,0.000,-1.838,-6.210,0.991,4.835,4.677,4.746,
15.216,22.336,-2.102,-6.716,1.587,1.013,5.275,0.000,1.454,0.932,4.707,2.093,0.000,0.000,0.000,1.173,2.757,0.000,3.142,0.000,0.000,0.000,0.000,0.000,0.000,0.000,0.000,0.000,0.000,0.000,3.142,6.281,0.001,1.004,1.569,1.567,4.085,6.281,1.199,4.712,0.000,0.000,-2.442,-6.132,0.990,4.731,4.454,4.969,5.282,4.711,4.710,2.197,6.282,5.083,1.570,0.000,0.000,-1.785,-6.121,0.991,4.731,4.471,4.952,
15.320,22.439,-2.103,-6.636,1.517,1.012,5.276,3.608,1.600,0.953,0.000,1.894,0.000,2.644,0.000,1.147,2.751,0.000,3.142,0.000,0.000,0.000,0.000,0.000,0.000,0.000,0.000,0.000,0.000,0.000,3.142,6.281,0.001,1.004,1.569,1.567,4.085,6.281,1.199,4.712,0.000,0.000,-2.400,-6.030,0.990,4.764,1.664,1.477,5.282,4.711,4.710,2.197,6.282,5.083,1.570,0.000,0.000,-1.745,-6.065,0.991,4.765,1.653,1.487,
15.420,22.539,-2.095,-6.528,1.465,0.789,6.269,3.229,1.752,0.981,0.000,2.060,4.396,2.595,0.000,1.124,4.895,0.000,2.404,0.000,0.000,0.000,0.000,0.000,0.000,0.000,0.000,0.000,0.000,0.000,3.142,6.283,0.001,1.003,1.570,1.572,4.087,6.280,1.199,4.712,0.000,0.000,-2.357,-5.907,0.990,4.822,1.624,1.518,5.281,4.712,4.713,2.198,6.281,5.083,1.571,0.000,0.000,-1.705,-5.977,0.990,4.821,1.613,1.529,
15.516,22.635,-2.087,-6.456,1.465,0.737,6.263,3.159,1.764,0.989,0.000,2.153,4.468,2.732,0.000,1.117,2.633,0.000,2.440,0.000,0.000,0.000,0.000,0.000,0.000,0.000,0.000,0.000,0.000,0.000,3.142,6.282,0.000,1.004,1.569,1.569,4.085,6.281,1.199,4.712,0.000,0.000,-2.352,-5.836,0.990,4.817,1.616,1.525,5.281,4.711,4.711,2.198,6.282,5.083,1.570,0.000,0.000,-1.700,-5.905,0.990,4.817,1.614,1.528,
15.620,22.739,-2.081,-6.396,1.466,0.824,6.263,3.099,1.775,0.996,1.054,2.231,4.529,2.847,0.000,1.619,2.551,0.000,2.440,0.000,0.000,0.000,0.000,0.000,0.000,0.000,0.000,0.000,0.000,0.000,3.142,6.282,0.000,1.004,1.569,1.569,4.084,6.281,1.199,4.712,0.000,0.000,-2.346,-5.776,0.990,4.817,1.612,1.529,5.281,4.711,4.711,2.198,6.282,5.083,1.570,0.000,0.000,-1.694,-5.844,0.990,4.817,1.614,1.527,
15.720,22.839,-2.069,-6.283,1.444,1.092,5.584,2.891,1.867,1.019,0.953,2.425,4.655,2.942,1.181,1.600,2.449,0.000,2.510,0.000,0.000,0.000,0.000,0.000,0.000,0.000,0.000,0.000,0.000,0.000,3.142,6.280,0.000,1.005,1.567,1.565,4.082,6.282,1.199,4.711,0.000,0.000,-2.323,-5.658,0.990,4.834,1.600,1.540,5.282,4.709,4.707,2.197,6.283,5.083,1.570,0.000,0.000,-1.672,-5.739,0.990,4.834,1.613,1.528,
15.809,22.929,-2.053,-6.175,1.345,1.084,4.894,2.922,1.398,1.089,0.954,0.000,4.223,2.708,1.226,1.560,4.984,0.000,2.615,0.000,0.000,0.000,0.000,0.000,0.000,0.000,0.000,0.000,0.000,0.000,3.142,6.280,0.001,1.004,1.568,1.566,4.085,6.281,1.199,4.712,0.000,0.000,-2.243,-5.526,0.989,4.935,1.595,1.546,5.282,4.711,4.709,2.197,6.282,5.083,1.570,0.000,0.000,-1.603,-5.673,0.991,4.936,1.590,1.551,
15.920,23.039,-2.034,-6.096,1.270,0.982,5.674,3.437,1.272,1.163,0.967,4.578,3.262,2.696,0.000,1.534,0.000,0.000,2.720,0.000,0.000,0.000,0.000,0.000,0.000,0.000,0.000,0.000,0.000,0.000,3.142,6.282,0.001,1.003,1.570,1.571,4.086,6.280,1.199,4.712,0.000,0.000,-2.172,-5.436,0.990,5.016,1.590,1.552,5.282,4.712,4.713,2.198,6.281,5.083,1.571,0.000,0.000,-1.545,-5.630,0.991,5.016,1.584,1.558,
16.020,23.139,-1.999,-5.987,1.261,0.975,6.269,3.333,1.153,1.212,1.001,4.888,3.280,2.751,1.229,1.500,0.000,0.000,2.755,0.000,0.000,0.000,0.000,0.000,0.000,0.000,0.000,0.000,0.000,0.000,3.142,6.283,0.000,1.004,1.569,1.569,4.085,6.281,1.199,4.712,0.000,0.000,-2.133,-5.326,0.990,5.022,1.586,1.555,5.281,4.711,4.711,2.198,6.282,5.083,1.570,0.000,0.000,-1.508,-5.526,0.990,5.022,1.585,1.557,
16.104,23.224,-1.969,-5.893,1.262,1.035,6.266,3.234,1.140,1.248,1.031,0.000,3.391,2.877,1.191,1.469,0.000,0.000,2.755,0.000,0.000,0.000,0.000,0.000,0.000,0.000,0.000,0.000,0.000,0.000,3.142,6.282,0.000,1.004,1.569,1.569,4.085,6.281,1.199,4.712,0.000,0.000,-2.103,-5.232,0.990,5.021,1.586,1.555,5.281,4.711,4.711,2.198,6.282,5.083,1.570,0.000,0.000,-1.478,-5.431,0.990,5.021,1.585,1.557,
16.220,23.339,-1.944,-5.815,1.263,1.035,6.261,3.152,1.212,1.277,1.056,0.000,3.480,3.000,1.160,1.445,0.000,0.000,2.755,0.000,0.000,0.000,0.000,0.000,0.000,0.000,0.000,0.000,0.000,0.000,3.142,6.283,0.000,1.003,1.569,1.569,4.085,6.281,1.199,4.712,0.000,0.000,-2.079,-5.154,0.990,5.021,1.587,1.554,5.281,4.711,4.711,2.198,6.282,5.083,1.570,0.000,0.000,-1.454,-5.353,0.990,5.020,1.585,1.557,
16.320,23.439,-1.908,-5.701,1.264,0.999,6.261,3.031,1.317,1.320,1.093,1.524,3.611,3.181,1.115,1.408,0.000,0.000,2.791,0.000,0.000,0.000,0.000,0.000,0.000,0.000,0.000,0.000,0.000,0.000,3.142,6.283,0.000,1.003,1.569,1.569,4.085,6.281,1.199,4.712,0.000,0.000,-2.043,-5.040,0.990,5.020,1.587,1.554,5.281,4.711,4.711,2.198,6.282,5.083,1.570,0.000,0.000,-1.418,-5.238,0.990,5.019,1.585,1.556,
16.420,23.539,-1.878,-5.607,1.264,1.003,6.261,2.933,1.402,1.355,1.122,1.428,3.718,3.329,1.078,1.329,1.868,0.000,2.791,0.000,0.000,0.000,0.000,0.000,0.000,0.000,0.000,0.000,0.000,0.000,3.142,6.282,0.000,1.004,1.569,1.569,4.085,6.281,1.199,4.712,0.000,0.000,-2.014,-4.946,0.990,5.019,1.587,1.555,5.281,4.711,4.711,2.198,6.282,5.083,1.570,0.000,0.000,-1.389,-5.144,0.990,5.019,1.585,1.556,
16.520,23.639,-1.849,-5.512,1.265,1.018,6.262,2.834,1.488,1.092,1.152,1.467,3.826,3.478,1.123,0.000,1.709,0.000,2.791,0.000,0.000,0.000,0.000,0.000,0.000,0.000,0.000,0.000,0.000,0.000,3.142,6.282,0.000,1.004,1.569,1.569,4.085,6.281,1.199,4.712,0.000,0.000,-1.985,-4.851,0.990,5.018,1.587,1.555,5.281,4.711,4.711,2.198,6.282,5.083,1.570,0.000,0.000,-1.359,-5.049,0.990,5.018,1.586,1.556,
16.616,23.735,-1.818,-5.417,1.266,1.016,6.263,2.733,3.500,0.922,1.182,1.506,3.934,3.629,1.290,0.000,1.595,0.000,2.791,0.000,0.000,0.000,0.000,0.000,0.000,0.000,0.000,0.000,0.000,0.000,3.142,6.282,0.000,1.004,1.569,1.569,4.085,6.281,1.199,4.712,0.000,0.000,-1.955,-4.756,0.990,5.017,1.587,1.554,5.281,4.711,4.711,2.198,6.282,5.083,1.570,0.000,0.000,-1.329,-4.953,0.990,5.017,1.586,1.556,
16.720,23.839,-1.795,-5.341,1.266,1.009,6.263,2.654,3.566,0.787,1.206,1.537,4.020,3.749,1.423,0.000,1.566,0.000,2.791,0.000,0.000,0.000,0.000,0.000,0.000,0.000,0.000,0.000,0.000,0.000,3.142,6.282,0.000,1.004,1.569,1.569,4.085,6.281,1.199,4.712,0.000,0.000,-1.931,-4.680,0.990,5.017,1.587,1.554,5.281,4.711,4.711,2.198,6.282,5.083,1.570,0.000,0.000,-1.306,-4.877,0.990,5.017,1.586,1.556,
16.806,23.926,-1.759,-5.227,1.267,1.009,6.264,2.535,3.665,0.713,1.242,1.584,4.148,3.928,1.537,0.000,1.585,0.000,2.826,0.000,0.000,0.000,0.000,0.000,0.000,0.000,0.000,0.000,0.000,0.000,3.142,6.282,0.000,1.004,1.569,1.569,4.085,6.281,1.199,4.712,0.000,0.000,-1.896,-4.567,0.990,5.016,1.587,1.555,5.281,4.711,4.711,2.198,6.282,5.083,1.570,0.000,0.000,-1.270,-4.763,0.990,5.016,1.586,1.556,
16.920,24.039,-1.735,-5.151,1.267,1.013,6.264,2.455,3.731,0.742,1.266,1.615,4.233,4.048,1.508,0.000,1.555,0.000,2.826,0.000,0.000,0.000,0.000,0.000,0.000,0.000,0.000,0.000,0.000,0.000,3.142,6.282,0.000,1.004,1.569,1.569,4.085,6.281,1.199,4.712,0.000,0.000,-1.873,-4.491,0.990,5.016,1.587,1.555,5.281,4.711,4.711,2.198,6.282,5.083,1.570,0.000,0.000,-1.247,-4.686,0.990,5.015,1.586,1.556,
17.005,24.124,-1.699,-5.037,1.268,1.013,6.264,2.336,3.829,0.784,1.302,1.661,4.361,0.000,1.463,4.520,1.511,0.000,2.826,0.000,0.000,0.000,0.000,0.000,0.000,0.000,0.000,0.000,0.000,0.000,3.142,6.282,0.000,1.004,1.569,1.569,4.085,6.281,1.199,4.712,0.000,0.000,-1.838,-4.377,0.990,5.015,1.587,1.554,5.281,4.711,4.711,2.198,6.282,5.083,1.570,0.000,0.000,-1.211,-4.572,0.990,5.015,1.586,1.556,
17.120,24.239,-1.677,-4.964,1.271,0.866,0.199,2.259,3.868,0.810,1.324,1.693,4.474,0.000,1.433,4.467,1.485,0.000,2.826,0.000,0.000,0.000,0.000,0.000,0.000,0.000,0.000,0.000,0.000,0.000,3.142,0.001,0.000,1.002,1.570,1.571,4.088,6.281,1.200,4.712,0.000,0.000,-1.815,-4.304,0.990,5.015,1.592,1.549,5.281,4.712,4.713,2.199,6.282,5.083,1.570,0.000,0.000,-1.189,-4.499,0.990,5.015,1.584,1.558,
17.216,24.336,-1.654,-4.887,1.351,0.572,1.314,1.681,3.232,0.797,1.356,1.846,0.000,1.642,1.278,4.314,1.558,0.000,3.142,0.000,0.000,0.000,0.000,0.000,0.000,0.000,0.000,0.000,0.000,0.000,3.142,0.002,0.000,1.002,1.571,1.572,4.087,6.281,1.199,4.712,0.000,0.000,-1.844,-4.241,0.990,4.936,1.595,1.547,5.282,4.713,4.714,2.198,6.282,5.083,1.571,0.000,0.000,-1.204,-4.384,0.991,4.936,1.585,1.557,
17.320,24.439,-1.645,-4.841,1.440,0.677,0.944,1.520,2.736,0.772,1.386,2.037,0.000,1.501,3.674,4.416,1.258,0.000,3.142,0.000,0.000,0.000,0.000,0.000,0.000,0.000,0.000,0.000,0.000,0.000,3.142,6.283,0.000,1.004,1.568,1.566,4.083,6.282,1.199,4.712,0.000,0.000,-1.896,-4.214,0.990,4.840,1.599,1.542,5.282,4.711,4.709,2.198,6.283,5.083,1.570,0.000,0.000,-1.245,-4.299,0.991,4.841,1.598,1.542,
17.420,24.539,-1.640,-4.795,1.472,0.195,6.267,1.440,2.600,0.768,1.402,2.123,0.000,1.582,4.064,3.916,1.450,0.000,3.142,0.000,0.000,0.000,0.000,0.000,0.000,0.000,0.000,0.000,0.000,0.000,3.142,0.001,0.001,1.002,1.570,1.569,4.088,6.281,1.200,4.712,0.000,0.000,-1.908,-4.176,0.990,4.812,1.634,1.507,5.281,4.711,4.711,2.198,6.282,5.083,1.570,0.000,0.000,-1.256,-4.241,0.990,4.811,1.617,1.524,
17.509,24.628,-1.639,-4.787,1.472,0.028,6.268,1.431,2.600,0.768,1.403,2.126,0.000,1.593,4.091,3.916,1.438,0.000,3.142,0.000,0.000,0.000,0.000,0.000,0.000,0.000,0.000,0.000,0.000,0.000,3.142,6.283,0.001,1.003,1.570,1.570,4.086,6.281,1.199,4.712,0.000,0.000,-1.908,-4.168,0.990,4.811,1.626,1.515,5.281,4.711,4.712,2.198,6.282,5.083,1.570,0.000,0.000,-1.255,-4.232,0.990,4.811,1.618,1.523,
17.620,24.739,-1.639,-4.786,1.473,0.000,6.271,1.431,2.599,0.768,1.403,2.126,0.000,1.593,4.093,3.916,1.438,0.000,3.142,0.000,0.000,0.000,0.000,0.000,0.000,0.000,0.000,0.000,0.000,0.000,3.142,6.283,0.000,1.003,1.569,1.569,4.085,6.281,1.199,4.712,0.000,0.000,-1.908,-4.168,0.990,4.811,1.622,1.519,5.281,4.711,4.712,2.198,6.282,5.083,1.570,0.000,0.000,-1.255,-4.232,0.990,4.811,1.615,1.526,
17.720,24.839,-1.639,-4.786,1.473,0.000,6.271,1.431,2.599,0.768,1.403,2.126,0.000,1.593,4.093,3.916,1.438,0.000,3.142,0.000,0.000,0.000,0.000,0.000,0.000,0.000,0.000,0.000,0.000,0.000,3.142,6.283,0.000,1.003,1.569,1.569,4.085,6.281,1.199,4.712,0.000,0.000,-1.908,-4.168,0.990,4.811,1.622,1.519,5.281,4.711,4.712,2.198,6.282,5.083,1.570,0.000,0.000,-1.255,-4.232,0.990,4.811,1.615,1.526,
17.817,24.936,-1.639,-4.786,1.473,0.000,6.271,1.431,2.599,0.768,1.403,2.126,0.000,1.593,4.093,3.916,1.438,0.000,3.142,0.000,0.000,0.000,0.000,0.000,0.000,0.000,0.000,0.000,0.000,0.000,3.142,6.283,0.000,1.003,1.569,1.569,4.085,6.281,1.199,4.712,0.000,0.000,-1.908,-4.168,0.990,4.811,1.622,1.519,5.281,4.711,4.712,2.198,6.282,5.083,1.570,0.000,0.000,-1.255,-4.232,0.990,4.811,1.615,1.526,
17.920,25.039,-1.639,-4.786,1.473,0.000,6.271,1.431,2.599,0.768,1.403,2.126,0.000,1.593,4.093,3.916,1.438,0.000,3.142,0.000,0.000,0.000,0.000,0.000,0.000,0.000,0.000,0.000,0.000,0.000,3.142,6.283,0.000,1.003,1.569,1.569,4.085,6.281,1.199,4.712,0.000,0.000,-1.908,-4.168,0.990,4.811,1.622,1.519,5.281,4.711,4.712,2.198,6.282,5.083,1.570,0.000,0.000,-1.255,-4.232,0.990,4.811,1.615,1.526,
18.020,25.139,-1.639,-4.786,1.473,0.000,6.271,1.431,2.599,0.768,1.403,2.126,0.000,1.593,4.093,3.916,1.438,0.000,3.142,0.000,0.000,0.000,0.000,0.000,0.000,0.000,0.000,0.000,0.000,0.000,3.142,6.283,0.000,1.003,1.569,1.569,4.085,6.281,1.199,4.712,0.000,0.000,-1.908,-4.168,0.990,4.811,1.622,1.519,5.281,4.711,4.712,2.198,6.282,5.083,1.570,0.000,0.000,-1.255,-4.232,0.990,4.811,1.615,1.526,
18.118,25.237,-1.640,-4.797,1.472,-0.400,6.208,1.442,2.601,0.768,1.402,2.123,0.000,1.580,4.059,3.916,1.452,0.000,3.142,0.000,0.000,0.000,0.000,0.000,0.000,0.000,0.000,0.000,0.000,0.000,3.142,0.004,0.001,0.999,1.571,1.572,4.093,6.280,1.200,4.712,0.000,0.000,-1.906,-4.175,0.989,4.816,1.661,1.480,5.280,4.712,4.714,2.199,6.281,5.083,1.570,0.000,0.000,-1.254,-4.243,0.990,4.815,1.612,1.529,
18.203,25.323,-1.645,-4.857,1.464,-1.087,6.086,1.510,2.624,0.764,1.393,2.094,0.000,1.504,3.836,4.003,1.255,0.000,3.142,0.000,0.000,0.000,0.000,0.000,0.000,0.000,0.000,0.000,0.000,0.000,3.142,0.004,0.001,0.999,1.571,1.572,4.094,6.280,1.200,4.712,0.000,0.000,-1.906,-4.233,0.989,4.824,1.658,1.483,5.280,4.713,4.714,2.200,6.281,5.083,1.570,0.000,0.000,-1.255,-4.307,0.990,4.823,1.608,1.533,
18.320,25.439,-1.660,-4.989,1.460,-1.417,6.273,1.646,2.613,0.750,1.377,0.000,0.000,1.348,1.277,0.000,1.749,0.000,3.142,0.000,0.000,0.000,0.000,0.000,0.000,0.000,0.000,0.000,0.000,0.000,3.142,0.000,0.000,1.003,1.570,1.570,4.086,6.281,1.199,4.712,0.000,0.000,-1.921,-4.367,0.990,4.824,1.617,1.524,5.281,4.712,4.712,2.199,6.282,5.083,1.570,0.000,0.000,-1.269,-4.440,0.990,4.824,1.607,1.534,
18.420,25.539,-1.675,-5.125,1.460,-0.886,6.276,1.781,2.582,0.733,1.362,0.000,0.000,1.361,1.231,4.326,1.772,0.000,3.142,0.000,0.000,0.000,0.000,0.000,0.000,0.000,0.000,0.000,0.000,0.000,3.142,6.281,6.283,1.005,1.569,1.568,4.082,6.281,1.199,4.712,0.000,0.000,-1.938,-4.504,0.990,4.821,1.600,1.540,5.281,4.711,4.710,2.199,6.282,5.083,1.570,0.000,0.000,-1.285,-4.576,0.991,4.822,1.607,1.534,
18.506,25.626,-1.684,-5.205,1.461,-0.838,6.273,1.860,2.564,0.783,1.353,0.000,0.000,1.378,1.295,4.362,1.786,0.000,3.142,0.000,0.000,0.000,0.000,0.000,0.000,0.000,0.000,0.000,0.000,0.000,3.142,0.001,0.000,1.003,1.570,1.570,4.087,6.281,1.200,4.712,0.000,0.000,-1.945,-4.582,0.990,4.824,1.623,1.518,5.280,4.712,4.712,2.199,6.282,5.083,1.570,0.000,0.000,-1.293,-4.655,0.990,4.824,1.607,1.534,
18.620,25.739,-1.692,-5.278,1.461,-1.040,6.274,1.932,1.281,0.972,1.344,0.000,0.000,1.394,1.303,4.395,1.799,0.000,3.142,0.000,0.000,0.000,0.000,0.000,0.000,0.000,0.000,0.000,0.000,0.000,3.142,0.001,0.001,1.002,1.570,1.571,4.088,6.281,1.200,4.712,0.000,0.000,-1.953,-4.655,0.990,4.824,1.628,1.513,5.280,4.712,4.713,2.199,6.282,5.083,1.570,0.000,0.000,-1.301,-4.729,0.990,4.824,1.608,1.533,
18.720,25.839,-1.706,-5.408,1.461,-1.099,6.274,2.060,1.252,1.404,1.330,0.000,0.000,1.421,1.319,4.453,1.822,0.000,3.142,0.000,0.000,0.000,0.000,0.000,0.000,0.000,0.000,0.000,0.000,0.000,3.142,6.283,0.000,1.003,1.570,1.570,4.085,6.281,1.199,4.712,0.000,0.000,-1.968,-4.786,0.990,4.822,1.616,1.525,5.281,4.711,4.712,2.199,6.282,5.083,1.570,0.000,0.000,-1.316,-4.858,0.990,4.822,1.608,1.533,
18.801,25.920,-1.717,-5.509,1.462,-0.974,6.274,2.160,1.230,1.392,1.319,0.000,0.000,1.443,1.331,4.498,1.839,0.000,3.142,0.000,0.000,0.000,0.000,0.000,0.000,0.000,0.000,0.000,0.000,0.000,3.142,6.283,0.000,1.004,1.569,1.569,4.085,6.281,1.199,4.712,0.000,0.000,-1.980,-4.887,0.990,4.822,1.614,1.527,5.281,4.711,4.712,2.199,6.282,5.083,1.570,0.000,0.000,-1.327,-4.959,0.990,4.822,1.608,1.533,
18.920,26.039,-1.725,-5.584,1.462,-0.958,6.274,2.234,1.214,1.383,1.310,0.000,0.000,0.000,1.340,4.531,1.852,0.000,3.142,0.000,0.000,0.000,0.000,0.000,0.000,0.000,0.000,0.000,0.000,0.000,3.142,0.000,0.000,1.003,1.570,1.570,4.086,6.281,1.199,4.712,0.000,0.000,-1.988,-4.962,0.990,4.822,1.619,1.522,5.280,4.712,4.712,2.199,6.282,5.083,1.570,0.000,0.000,-1.336,-5.034,0.990,4.822,1.608,1.533,
19.020,26.139,-1.738,-5.700,1.463,-1.032,6.275,2.349,1.188,1.369,1.297,0.000,0.000,0.000,1.134,4.583,1.797,0.000,3.142,0.000,0.000,0.000,0.000,0.000,0.000,0.000,0.000,0.000,0.000,0.000,3.142,0.000,0.000,1.003,1.570,1.570,4.086,6.281,1.199,4.712,0.000,0.000,-2.001,-5.079,0.990,4.822,1.621,1.520,5.280,4.712,4.712,2.199,6.282,5.083,1.570,0.000,0.000,-1.348,-5.150,0.990,4.821,1.608,1.533,
19.120,26.239,-1.749,-5.802,1.463,-1.034,6.275,2.449,1.166,1.357,1.286,3.016,0.000,0.000,0.883,1.228,1.814,0.000,3.142,0.000,0.000,0.000,0.000,0.000,0.000,0.000,0.000,0.000,0.000,0.000,3.142,0.000,0.000,1.003,1.570,1.570,4.086,6.281,1.199,4.712,0.000,0.000,-2.012,-5.181,0.990,4.821,1.618,1.523,5.281,4.712,4.712,2.199,6.282,5.083,1.570,0.000,0.000,-1.360,-5.252,0.990,4.821,1.609,1.533,
19.220,26.339,-1.760,-5.901,1.463,-1.001,6.275,2.547,1.169,1.345,1.275,2.885,0.000,0.000,0.834,1.239,1.898,0.000,3.142,0.000,0.000,0.000,0.000,0.000,0.000,0.000,0.000,0.000,0.000,0.000,3.142,6.283,0.000,1.003,1.570,1.570,4.086,6.281,1.199,4.712,0.000,0.000,-2.023,-5.280,0.990,4.820,1.618,1.523,5.281,4.712,4.712,2.199,6.282,5.083,1.570,0.000,0.000,-1.371,-5.351,0.990,4.820,1.609,1.533,
19.313,26.433,-1.770,-5.999,1.464,-1.001,6.275,2.643,1.283,1.333,1.264,2.756,0.000,0.000,0.845,1.301,2.027,0.000,3.142,0.000,0.000,0.000,0.000,0.000,0.000,0.000,0.000,0.000,0.000,0.000,3.142,0.000,0.000,1.003,1.570,1.570,4.086,6.281,1.199,4.712,0.000,0.000,-2.034,-5.378,0.990,4.820,1.620,1.521,5.280,4.712,4.712,2.199,6.282,5.083,1.570,0.000,0.000,-1.381,-5.448,0.990,4.820,1.609,1.532,
19.420,26.539,-1.779,-6.078,1.464,-1.015,6.275,2.721,1.375,1.324,1.256,2.652,0.000,0.000,0.854,1.310,2.132,0.000,3.142,0.000,0.000,0.000,0.000,0.000,0.000,0.000,0.000,0.000,0.000,0.000,3.142,0.000,0.000,1.003,1.570,1.570,4.086,6.281,1.199,4.712,0.000,0.000,-2.042,-5.457,0.990,4.820,1.620,1.521,5.280,4.712,4.712,2.199,6.282,5.083,1.570,0.000,0.000,-1.390,-5.527,0.990,4.820,1.609,1.532,
19.520,26.639,-1.792,-6.197,1.464,-1.017,6.275,2.839,1.515,1.310,1.243,2.494,0.000,0.000,0.868,1.323,4.455,0.000,3.142,0.000,0.000,0.000,0.000,0.000,0.000,0.000,0.000,0.000,0.000,0.000,3.142,0.000,0.000,1.003,1.570,1.570,4.086,6.281,1.199,4.712,0.000,0.000,-2.055,-5.576,0.990,4.819,1.619,1.521,5.281,4.712,4.712,2.199,6.282,5.083,1.570,0.000,0.000,-1.403,-5.646,0.990,4.819,1.609,1.532,
19.620,26.739,-1.802,-6.296,1.465,-1.009,6.275,2.937,1.631,1.298,1.340,2.364,0.000,0.000,0.879,1.334,4.585,0.000,3.142,0.000,0.000,0.000,0.000,0.000,0.000,0.000,0.000,0.000,0.000,0.000,3.142,0.000,0.000,1.003,1.570,1.570,4.086,6.281,1.199,4.712,0.000,0.000,-2.066,-5.675,0.990,4.819,1.620,1.521,5.281,4.712,4.712,2.199,6.282,5.083,1.570,0.000,0.000,-1.414,-5.745,0.990,4.819,1.609,1.532,
19.720,26.839,-1.813,-6.395,1.465,-1.009,6.275,3.034,1.747,1.287,0.000,2.234,0.000,0.000,0.890,0.836,4.715,0.000,3.142,0.000,0.000,0.000,0.000,0.000,0.000,0.000,0.000,0.000,0.000,0.000,3.142,0.000,0.000,1.003,1.570,1.570,4.086,6.281,1.199,4.712,0.000,0.000,-2.077,-5.774,0.990,4.819,1.620,1.521,5.281,4.712,4.712,2.199,6.282,5.083,1.570,0.000,0.000,-1.425,-5.844,0.990,4.819,1.610,1.532,
19.820,26.939,-1.823,-6.494,1.466,-1.013,6.275,3.131,1.863,1.275,0.000,2.210,0.000,0.000,0.000,0.846,4.845,0.000,3.142,0.000,0.000,0.000,0.000,0.000,0.000,0.000,0.000,0.000,0.000,0.000,3.142,0.000,0.000,1.003,1.570,1.570,4.086,6.281,1.199,4.712,0.000,0.000,-2.088,-5.873,0.990,4.818,1.620,1.521,5.281,4.712,4.712,2.199,6.282,5.083,1.570,0.000,0.000,-1.435,-5.942,0.990,4.818,1.610,1.532,
19.906,27.026,-1.833,-6.593,1.466,-1.013,6.275,3.229,2.252,1.264,0.000,2.195,0.000,2.752,0.000,0.857,4.975,0.000,3.142,0.000,0.000,0.000,0.000,0.000,0.000,0.000,0.000,0.000,0.000,0.000,3.142,0.000,0.000,1.003,1.570,1.570,4.086,6.281,1.199,4.712,0.000,0.000,-2.098,-5.972,0.990,4.818,1.620,1.521,5.281,4.712,4.712,2.199,6.282,5.083,1.570,0.000,0.000,-1.446,-6.041,0.990,4.818,1.610,1.531,
20.020,27.139,-1.842,-6.672,1.466,-1.011,6.275,3.307,2.235,1.254,0.000,2.182,0.000,2.607,0.000,0.866,0.000,0.000,3.142,0.000,0.000,0.000,0.000,0.000,0.000,0.000,0.000,0.000,0.000,0.000,3.142,0.000,0.000,1.003,1.570,1.570,4.086,6.281,1.199,4.712,0.000,0.000,-2.107,-6.052,0.990,4.818,1.620,1.520,5.281,4.712,4.712,2.199,6.282,5.083,1.570,0.000,0.000,-1.454,-6.120,0.990,4.818,1.610,1.531,
20.120,27.239,-1.854,-6.791,1.467,-1.011,6.275,3.424,2.209,1.241,0.000,2.164,0.000,2.389,0.000,0.879,0.000,0.000,3.142,0.000,0.000,0.000,0.000,0.000,0.000,0.000,0.000,0.000,0.000,0.000,3.142,0.000,0.000,1.003,1.570,1.570,4.086,6.281,1.199,4.712,0.000,0.000,-2.119,-6.170,0.990,4.817,1.621,1.520,5.281,4.712,4.712,2.199,6.282,5.083,1.570,0.000,0.000,-1.467,-6.239,0.990,4.817,1.610,1.531,
20.220,27.339,-1.865,-6.890,1.467,-1.012,6.275,3.521,2.188,1.229,0.000,2.149,0.000,2.208,0.000,0.889,0.000,0.000,3.142,0.000,0.000,0.000,0.000,0.000,0.000,0.000,0.000,0.000,0.000,0.000,3.142,0.000,0.000,1.003,1.570,1.570,4.086,6.281,1.199,4.712,0.000,0.000,-2.130,-6.269,0.990,4.817,1.621,1.520,5.281,4.712,4.712,2.199,6.282,5.083,1.570,0.000,0.000,-1.478,-6.338,0.990,4.817,1.610,1.531,
20.320,27.439,-1.875,-6.989,1.467,-1.012,6.275,3.618,2.167,1.275,0.000,2.134,0.000,2.026,0.000,0.900,0.000,0.000,3.142,0.000,0.000,0.000,0.000,0.000,0.000,0.000,0.000,0.000,0.000,0.000,3.142,0.000,0.000,1.003,1.570,1.570,4.086,6.281,1.199,4.712,0.000,0.000,-2.141,-6.368,0.990,4.817,1.621,1.520,5.281,4.712,4.712,2.199,6.282,5.083,1.570,0.000,0.000,-1.488,-6.437,0.990,4.816,1.610,1.531,
20.420,27.539,-1.885,-7.088,1.468,-1.012,6.275,3.716,2.146,1.321,0.000,2.119,0.000,1.844,0.000,1.317,2.031,0.000,3.142,0.000,0.000,0.000,0.000,0.000,0.000,0.000,0.000,0.000,0.000,0.000,3.142,0.000,0.000,1.003,1.570,1.570,4.086,6.281,1.199,4.712,0.000,0.000,-2.151,-6.467,0.990,4.816,1.621,1.520,5.281,4.712,4.712,2.199,6.282,5.083,1.570,0.000,0.000,-1.499,-6.535,0.990,4.816,1.610,1.531,
20.520,27.639,-1.895,-7.186,1.468,-1.012,6.275,3.813,2.125,1.362,4.841,2.104,4.945,1.661,4.903,1.420,2.047,0.000,1.878,0.000,0.000,0.000,0.000,0.000,0.000,0.000,0.000,0.000,0.000,0.000,3.142,0.000,0.000,1.003,1.570,1.570,4.086,6.281,1.199,4.712,0.000,0.000,-2.161,-6.566,0.990,4.816,1.621,1.519,5.281,4.712,4.712,2.199,6.282,5.083,1.570,0.000,0.000,-1.509,-6.634,0.990,4.816,1.611,1.531,
20.620,27.739,-1.906,-7.285,1.468,-1.012,6.226,3.913,2.107,2.052,4.670,2.087,4.846,1.529,4.916,3.576,1.382,0.000,1.843,0.000,0.000,0.000,0.000,0.000,0.000,0.000,0.000,0.000,0.000,0.000,3.142,6.283,0.000,1.004,1.569,1.569,4.085,6.281,1.199,4.712,0.000,0.000,-2.172,-6.666,0.990,4.815,1.619,1.521,5.281,4.711,4.711,2.198,6.282,5.083,1.570,0.000,0.000,-1.519,-6.733,0.990,4.815,1.615,1.527,
20.711,27.830,-1.916,-7.384,1.425,-1.012,5.285,4.136,2.245,2.098,4.806,1.973,3.676,1.521,0.000,4.966,1.335,0.000,1.878,0.000,0.000,0.000,0.000,0.000,0.000,0.000,0.000,0.000,0.000,0.000,3.142,6.281,0.001,1.004,1.568,1.566,4.085,6.282,1.199,4.712,0.000,0.000,-2.158,-6.754,0.990,4.855,1.604,1.536,5.281,4.711,4.709,2.198,6.282,5.083,1.570,0.000,0.000,-1.508,-6.849,0.990,4.855,1.605,1.536,
20.820,27.939,-1.930,-7.463,1.332,-1.009,4.830,4.252,2.681,1.582,0.000,1.781,3.537,1.588,0.000,0.000,1.238,0.000,1.948,0.000,0.000,0.000,0.000,0.000,0.000,0.000,0.000,0.000,0.000,0.000,3.142,6.281,0.001,1.003,1.570,1.569,4.086,6.282,1.199,4.712,0.000,0.000,-2.110,-6.813,0.990,4.950,1.592,1.549,5.281,4.713,4.712,2.198,6.282,5.083,1.571,0.000,0.000,-1.472,-6.968,0.991,4.951,1.585,1.556,
20.920,28.039,-1.963,-7.578,1.195,-1.021,5.320,4.175,2.782,1.478,0.000,1.557,2.826,1.632,0.000,0.000,1.421,0.000,2.053,0.000,0.000,0.000,0.000,0.000,0.000,0.000,0.000,0.000,0.000,0.000,3.142,6.282,0.000,1.003,1.571,1.572,4.086,6.281,1.199,4.712,0.000,0.000,-2.051,-6.910,0.990,5.091,1.584,1.557,5.281,4.713,4.714,2.199,6.282,5.083,1.571,0.000,0.000,-1.441,-7.151,0.991,5.091,1.579,1.562,
21.020,28.139,-1.997,-7.660,1.125,-0.570,5.760,3.500,2.818,1.494,4.935,1.450,2.325,1.523,1.591,0.000,2.373,0.000,2.124,0.000,0.000,0.000,0.000,0.000,0.000,0.000,0.000,0.000,0.000,0.000,3.142,6.278,6.283,1.007,1.568,1.567,4.078,6.281,1.199,4.712,0.000,0.000,-2.043,-6.988,0.991,5.155,1.572,1.569,5.282,4.710,4.709,2.198,6.282,5.083,1.571,0.000,0.000,-1.449,-7.269,0.991,5.156,1.579,1.563,
21.120,28.239,-1.999,-7.666,1.082,0.315,5.599,3.580,2.803,1.553,4.246,1.414,2.131,1.506,1.321,0.000,1.668,0.000,2.159,0.000,0.000,0.000,0.000,0.000,0.000,0.000,0.000,0.000,0.000,0.000,3.142,6.278,6.283,1.008,1.566,1.564,4.078,6.281,1.199,4.711,0.000,0.000,-2.017,-6.992,0.990,5.195,1.574,1.567,5.282,4.709,4.707,2.197,6.282,5.083,1.570,0.000,0.000,-1.436,-7.298,0.991,5.196,1.581,1.561,
21.220,28.339,-1.982,-7.635,0.999,0.280,5.113,0.000,0.000,1.563,4.988,1.378,1.717,1.525,1.301,0.000,3.024,0.000,2.229,0.000,0.000,0.000,0.000,0.000,0.000,0.000,0.000,0.000,0.000,0.000,3.142,6.282,0.001,1.003,1.569,1.568,4.087,6.281,1.199,4.712,0.000,0.000,-1.940,-6.961,0.989,5.283,1.582,1.560,5.281,4.711,4.711,2.197,6.282,5.083,1.570,0.000,0.000,-1.388,-7.316,0.990,5.283,1.580,1.562,
21.320,28.439,-1.980,-7.631,0.887,-0.124,4.954,1.591,4.359,1.813,4.462,1.638,1.766,4.925,1.366,4.894,4.200,0.000,2.369,0.000,0.000,0.000,0.000,0.000,0.000,0.000,0.000,0.000,0.000,0.000,3.142,6.282,0.001,1.002,1.570,1.569,4.088,6.281,1.199,4.712,0.000,0.000,-1.862,-6.966,0.990,5.397,1.581,1.562,5.281,4.712,4.712,2.198,6.282,5.083,1.570,0.000,0.000,-1.354,-7.382,0.991,5.397,1.577,1.565,
21.420,28.539,-1.989,-7.640,0.770,-0.109,5.104,1.406,4.449,2.187,2.497,4.464,1.758,3.306,1.465,0.000,4.938,0.000,2.475,0.000,0.000,0.000,0.000,0.000,0.000,0.000,0.000,0.000,0.000,0.000,3.142,6.281,0.000,1.004,1.569,1.569,4.085,6.281,1.199,4.712,0.000,0.000,-1.795,-6.994,0.990,5.513,1.577,1.566,5.282,4.712,4.712,2.198,6.282,5.083,1.571,0.000,0.000,-1.337,-7.465,0.991,5.513,1.576,1.567,
21.520,28.639,-1.992,-7.643,0.686,0.029,5.414,1.306,4.265,2.612,2.214,0.000,1.626,3.364,1.630,0.000,0.000,0.000,2.545,0.000,0.000,0.000,0.000,0.000,0.000,0.000,0.000,0.000,0.000,0.000,3.142,6.280,0.000,1.004,1.569,1.568,4.084,6.281,1.199,4.712,0.000,0.000,-1.745,-7.015,0.990,5.596,1.576,1.567,5.281,4.711,4.711,2.197,6.282,5.083,1.570,0.000,0.000,-1.328,-7.523,0.990,5.597,1.577,1.567,
21.615,28.735,-1.987,-7.640,0.605,0.057,5.245,1.443,4.147,3.261,1.953,0.000,1.535,3.092,1.587,0.000,0.000,0.000,2.650,0.000,0.000,0.000,0.000,0.000,0.000,0.000,0.000,0.000,0.000,0.000,3.142,6.281,0.001,1.004,1.569,1.568,4.085,6.281,1.199,4.712,0.000,0.000,-1.691,-7.033,0.990,5.676,1.577,1.566,5.281,4.711,4.711,2.197,6.282,5.083,1.570,0.000,0.000,-1.317,-7.573,0.990,5.677,1.576,1.567,
21.720,28.839,-1.981,-7.635,0.526,0.233,5.042,2.196,3.845,2.814,1.501,0.000,1.467,2.538,1.559,2.003,0.000,0.000,2.720,0.000,0.000,0.000,0.000,0.000,0.000,0.000,0.000,0.000,0.000,0.000,3.142,6.278,0.000,1.006,1.567,1.566,4.081,6.281,1.199,4.712,0.000,0.000,-1.639,-7.054,0.990,5.753,1.574,1.568,5.282,4.710,4.709,2.197,6.282,5.083,1.570,0.000,0.000,-1.308,-7.621,0.991,5.754,1.576,1.568,
21.800,28.920,-1.924,-7.606,0.402,0.788,5.228,2.714,0.000,0.000,1.588,4.358,1.441,2.104,1.558,1.414,0.000,0.000,2.861,0.000,0.000,0.000,0.000,0.000,0.000,0.000,0.000,0.000,0.000,0.000,3.142,6.279,0.000,1.006,1.568,1.567,4.082,6.281,1.199,4.712,0.000,0.000,-1.512,-7.072,0.990,5.878,1.575,1.568,5.282,4.711,4.709,2.197,6.282,5.083,1.570,0.000,0.000,-1.254,-7.675,0.991,5.879,1.575,1.568,
21.920,29.039,-1.868,-7.583,0.334,0.711,5.368,3.143,1.571,4.743,1.809,3.978,1.578,1.819,1.575,1.304,0.000,0.000,2.931,0.000,0.000,0.000,0.000,0.000,0.000,0.000,0.000,0.000,0.000,0.000,3.142,6.282,0.001,1.003,1.569,1.569,4.087,6.281,1.199,4.712,0.000,0.000,-1.419,-7.078,0.989,5.949,1.577,1.567,5.281,4.712,4.711,2.198,6.282,5.083,1.570,0.000,0.000,-1.203,-7.699,0.990,5.949,1.576,1.568,
22.020,29.139,-1.807,-7.563,0.238,0.426,5.311,4.206,1.283,4.169,2.176,4.675,4.503,1.880,1.598,1.248,4.741,0.000,3.036,0.000,0.000,0.000,0.000,0.000,0.000,0.000,0.000,0.000,0.000,0.000,3.142,6.281,0.001,1.003,1.569,1.568,4.086,6.281,1.199,4.712,0.000,0.000,-1.312,-7.104,0.990,6.044,1.576,1.568,5.281,4.711,4.711,2.197,6.282,5.083,1.570,0.000,0.000,-1.157,-7.742,0.990,6.044,1.576,1.569,
22.119,29.238,-1.765,-7.554,0.146,0.502,5.202,0.000,1.098,4.808,2.630,2.422,0.000,2.060,4.611,1.278,0.000,0.000,3.142,0.000,0.000,0.000,0.000,0.000,0.000,0.000,0.000,0.000,0.000,0.000,3.142,6.280,0.000,1.005,1.568,1.567,4.084,6.281,1.199,4.712,0.000,0.000,-1.231,-7.141,0.990,6.134,1.575,1.569,5.282,4.711,4.710,2.197,6.282,5.083,1.570,0.000,0.000,-1.134,-7.791,0.991,6.135,1.575,1.569,
22.220,29.339,-1.722,-7.548,0.071,0.605,5.246,0.000,1.137,3.944,3.182,1.759,0.000,2.003,3.447,1.305,0.000,0.000,3.142,0.000,0.000,0.000,0.000,0.000,0.000,0.000,0.000,0.000,0.000,0.000,3.142,6.280,0.000,1.005,1.569,1.567,4.084,6.281,1.199,4.712,0.000,0.000,-1.158,-7.177,0.990,6.210,1.575,1.569,5.282,4.711,4.710,2.197,6.282,5.083,1.570,0.000,0.000,-1.110,-7.832,0.991,6.211,1.575,1.570,
22.320,29.439,-1.651,-7.545,6.251,0.575,5.328,0.000,1.291,3.637,2.778,1.776,0.000,1.937,3.558,1.342,0.000,0.000,3.142,0.000,0.000,0.000,0.000,0.000,0.000,0.000,0.000,0.000,0.000,0.000,3.142,6.281,0.001,1.004,1.569,1.568,4.086,6.281,1.199,4.712,0.000,0.000,-1.051,-7.235,0.990,0.031,1.576,1.570,5.282,4.711,4.711,2.197,6.282,5.083,1.570,0.000,0.000,-1.072,-7.891,0.990,0.032,1.575,1.570,
22.402,29.522,-1.598,-7.548,6.167,0.518,5.307,0.000,1.263,0.000,3.358,1.853,4.633,1.898,3.409,1.393,0.000,0.000,1.878,0.000,0.000,0.000,0.000,0.000,0.000,0.000,0.000,0.000,0.000,0.000,3.142,6.281,0.001,1.004,1.569,1.568,4.085,6.281,1.199,4.712,0.000,0.000,-0.975,-7.289,0.990,0.115,1.576,1.570,5.282,4.711,4.710,2.197,6.282,5.083,1.570,0.000,0.000,-1.051,-7.941,0.990,0.115,1.575,1.570,
22.520,29.639,-1.558,-7.553,6.095,0.531,5.250,0.000,2.365,1.222,0.000,2.037,4.725,1.873,3.036,1.456,0.000,0.000,1.983,0.000,0.000,0.000,0.000,0.000,0.000,0.000,0.000,0.000,0.000,0.000,3.142,6.280,0.001,1.004,1.569,1.567,4.085,6.281,1.199,4.712,0.000,0.000,-0.918,-7.339,0.990,0.186,1.576,1.570,5.282,4.711,4.710,2.197,6.282,5.083,1.570,0.000,0.000,-1.040,-7.984,0.991,0.186,1.575,1.571,
22.611,29.730,-1.467,-7.574,6.037,1.117,0.011,0.000,2.735,0.921,4.429,2.304,4.266,1.925,2.919,1.418,0.000,0.000,2.053,0.000,0.000,0.000,0.000,0.000,0.000,0.000,0.000,0.000,0.000,0.000,3.142,6.280,6.283,1.006,1.569,1.569,4.080,6.281,1.199,4.712,0.000,0.000,-0.817,-7.398,0.990,0.245,1.573,1.571,5.282,4.711,4.711,2.197,6.281,5.083,1.571,0.000,0.000,-0.974,-8.035,0.991,0.245,1.575,1.572,
22.720,29.839,-1.373,-7.597,6.038,1.256,6.265,0.000,2.789,0.929,4.269,2.442,4.361,2.026,3.101,1.254,0.000,0.000,3.071,0.000,0.000,0.000,0.000,0.000,0.000,0.000,0.000,0.000,0.000,0.000,3.142,6.282,0.000,1.004,1.569,1.569,4.085,6.281,1.199,4.712,0.000,0.000,-0.722,-7.421,0.990,0.244,1.576,1.571,5.281,4.711,4.711,2.198,6.282,5.083,1.570,0.000,0.000,-0.881,-8.058,0.990,0.244,1.575,1.571,
22.820,29.939,-1.245,-7.629,6.038,0.952,6.199,0.000,2.872,0.966,4.214,2.635,4.494,2.164,3.344,1.030,0.000,0.000,3.071,0.000,0.000,0.000,0.000,0.000,0.000,0.000,0.000,0.000,0.000,0.000,3.142,6.283,0.001,1.003,1.569,1.569,4.086,6.281,1.199,4.712,0.000,0.000,-0.594,-7.454,0.990,0.245,1.577,1.571,5.281,4.711,4.711,2.197,6.282,5.083,1.570,0.000,0.000,-0.753,-8.090,0.990,0.245,1.576,1.571,
22.920,30.039,-1.160,-7.651,5.992,0.904,5.240,4.995,3.282,1.020,4.378,2.916,0.000,2.218,3.268,0.944,0.000,0.000,3.142,0.000,0.000,0.000,0.000,0.000,0.000,0.000,0.000,0.000,0.000,0.000,3.142,6.280,0.001,1.005,1.567,1.565,4.084,6.282,1.199,4.711,0.000,0.000,-0.501,-7.502,0.990,0.285,1.575,1.570,5.281,4.710,4.708,2.197,6.283,5.083,1.570,0.000,0.000,-0.688,-8.131,0.990,0.286,1.576,1.571,
23.020,30.139,-1.068,-7.681,5.873,1.043,4.850,3.972,4.977,0.971,1.058,3.291,2.964,2.237,2.940,0.955,0.000,0.000,2.299,0.000,0.000,0.000,0.000,0.000,0.000,0.000,0.000,0.000,0.000,0.000,3.142,6.279,0.000,1.005,1.568,1.566,4.084,6.281,1.199,4.712,0.000,0.000,-0.397,-7.612,0.990,0.406,1.576,1.571,5.282,4.711,4.709,2.197,6.282,5.083,1.570,0.000,0.000,-0.657,-8.215,0.991,0.407,1.575,1.571,
23.109,30.229,-0.973,-7.725,5.794,1.063,6.038,4.012,0.000,1.721,0.937,3.194,2.415,2.629,2.837,0.873,0.000,0.000,2.404,0.000,0.000,0.000,0.000,0.000,0.000,0.000,0.000,0.000,0.000,0.000,3.142,6.282,0.000,1.004,1.570,1.572,4.086,6.280,1.199,4.712,0.000,0.000,-0.299,-7.713,0.990,0.492,1.577,1.573,5.282,4.712,4.713,2.198,6.281,5.083,1.571,0.000,0.000,-0.607,-8.292,0.991,0.491,1.575,1.573,
23.200,30.320,-0.901,-7.763,5.794,1.005,0.006,3.931,0.000,1.774,0.976,3.237,2.496,2.373,2.938,0.876,0.000,0.000,2.404,0.000,0.000,0.000,0.000,0.000,0.000,0.000,0.000,0.000,0.000,0.000,3.142,0.000,0.000,1.003,1.569,1.569,4.086,6.281,1.199,4.712,0.000,0.000,-0.226,-7.750,0.990,0.489,1.577,1.573,5.281,4.711,4.712,2.198,6.282,5.083,1.570,0.000,0.000,-0.535,-8.329,0.990,0.489,1.576,1.572,
23.320,30.439,-0.815,-7.809,5.796,0.981,6.271,3.832,0.000,1.836,1.021,3.291,2.592,2.460,3.062,0.881,0.000,0.000,2.440,0.000,0.000,0.000,0.000,0.000,0.000,0.000,0.000,0.000,0.000,0.000,3.142,6.283,0.000,1.003,1.569,1.569,4.085,6.281,1.199,4.712,0.000,0.000,-0.141,-7.795,0.990,0.487,1.576,1.572,5.281,4.711,4.712,2.198,6.282,5.083,1.570,0.000,0.000,-0.448,-8.374,0.990,0.487,1.576,1.572,
23.420,30.539,-0.711,-7.864,5.794,1.022,6.080,3.719,0.000,1.917,1.439,3.518,2.713,2.565,3.202,0.884,0.000,0.000,2.440,0.000,0.000,0.000,0.000,0.000,0.000,0.000,0.000,0.000,0.000,0.000,3.142,6.281,0.001,1.005,1.568,1.567,4.084,6.281,1.199,4.712,0.000,0.000,-0.036,-7.850,0.990,0.487,1.576,1.572,5.281,4.710,4.710,2.197,6.282,5.083,1.570,0.000,0.000,-0.344,-8.429,0.990,0.487,1.577,1.573,
23.520,30.639,-0.622,-7.912,5.734,1.026,5.120,4.203,0.000,2.114,1.443,0.000,2.788,2.637,3.147,0.869,0.000,0.000,2.545,0.000,0.000,0.000,0.000,0.000,0.000,0.000,0.000,0.000,0.000,0.000,3.142,6.280,0.001,1.005,1.568,1.565,4.084,6.282,1.199,4.711,0.000,0.000,0.053,-7.937,0.990,0.545,1.576,1.572,5.281,4.710,4.708,2.197,6.282,5.083,1.570,0.000,0.000,-0.289,-8.498,0.990,0.545,1.577,1.572,
23.620,30.739,-0.538,-7.967,5.614,1.004,4.930,4.449,0.000,2.552,1.549,1.225,3.138,0.000,2.972,0.839,0.000,0.000,2.650,0.000,0.000,0.000,0.000,0.000,0.000,0.000,0.000,0.000,0.000,0.000,3.142,6.280,0.001,1.004,1.568,1.567,4.085,6.281,1.199,4.712,0.000,0.000,0.129,-8.073,0.990,0.667,1.577,1.573,5.282,4.711,4.710,2.197,6.282,5.083,1.570,0.000,0.000,-0.278,-8.588,0.991,0.667,1.576,1.573,
23.719,30.839,-0.462,-8.030,5.543,1.003,6.106,4.614,0.000,2.968,1.659,1.266,3.436,0.000,2.931,0.814,0.000,0.000,2.755,0.000,0.000,0.000,0.000,0.000,0.000,0.000,0.000,0.000,0.000,0.000,3.142,6.282,0.000,1.004,1.570,1.571,4.085,6.280,1.199,4.712,0.000,0.000,0.193,-8.185,0.990,0.743,1.577,1.575,5.282,4.712,4.713,2.198,6.281,5.083,1.571,0.000,0.000,-0.249,-8.670,0.991,0.742,1.576,1.574,
23.813,30.933,-0.403,-8.083,5.544,1.014,6.275,4.534,0.000,3.069,1.717,1.321,3.514,0.000,3.000,0.797,0.000,0.000,2.755,0.000,0.000,0.000,0.000,0.000,0.000,0.000,0.000,0.000,0.000,0.000,3.142,6.283,0.000,1.003,1.569,1.569,4.085,6.281,1.199,4.712,0.000,0.000,0.253,-8.237,0.990,0.739,1.577,1.574,5.281,4.711,4.711,2.198,6.282,5.083,1.570,0.000,0.000,-0.189,-8.722,0.990,0.739,1.577,1.574,
23.905,31.025,-0.330,-8.150,5.545,1.017,6.269,4.430,0.000,3.193,1.789,1.391,3.610,0.000,0.889,0.776,0.000,0.000,1.071,0.000,0.000,0.000,0.000,0.000,0.000,0.000,0.000,0.000,0.000,0.000,3.142,6.283,0.000,1.003,1.569,1.569,4.085,6.281,1.199,4.712,0.000,0.000,0.327,-8.304,0.990,0.738,1.577,1.574,5.281,4.711,4.712,2.198,6.282,5.083,1.570,0.000,0.000,-0.114,-8.789,0.990,0.738,1.577,1.574,
24.005,31.124,-0.256,-8.217,5.546,1.010,6.265,4.328,0.000,3.317,1.861,1.460,3.706,0.000,0.864,0.754,0.000,0.000,1.071,0.000,0.000,0.000,0.000,0.000,0.000,0.000,0.000,0.000,0.000,0.000,3.142,6.283,0.000,1.003,1.569,1.569,4.085,6.281,1.199,4.712,0.000,0.000,0.401,-8.370,0.990,0.737,1.577,1.574,5.281,4.711,4.711,2.198,6.282,5.083,1.570,0.000,0.000,-0.039,-8.856,0.990,0.737,1.577,1.574,
24.120,31.239,-0.182,-8.284,5.547,1.009,6.259,4.227,0.000,3.441,1.932,1.385,3.802,0.000,0.840,0.733,0.000,0.000,1.071,0.000,0.000,0.000,0.000,0.000,0.000,0.000,0.000,0.000,0.000,0.000,3.142,6.283,0.000,1.003,1.569,1.569,4.085,6.281,1.199,4.712,0.000,0.000,0.475,-8.436,0.990,0.736,1.577,1.574,5.281,4.711,4.711,2.198,6.282,5.083,1.570,0.000,0.000,0.035,-8.922,0.990,0.736,1.577,1.574,
24.213,31.332,-0.094,-8.364,5.548,1.013,6.262,4.106,0.000,3.590,2.018,1.468,3.918,0.000,0.810,1.457,0.000,0.000,1.106,0.000,0.000,0.000,0.000,0.000,0.000,0.000,0.000,0.000,0.000,0.000,3.142,6.283,0.000,1.004,1.569,1.569,4.085,6.281,1.199,4.712,0.000,0.000,0.564,-8.516,0.990,0.735,1.577,1.574,5.281,4.711,4.711,2.198,6.282,5.083,1.570,0.000,0.000,0.124,-9.002,0.990,0.735,1.577,1.574,
24.317,31.437,-0.034,-8.418,5.549,1.013,6.263,4.026,0.000,3.689,2.075,0.000,3.996,0.000,0.791,1.461,0.000,0.000,2.545,0.000,0.000,0.000,0.000,0.000,0.000,0.000,0.000,0.000,0.000,0.000,3.142,6.283,0.000,1.004,1.569,1.569,4.085,6.281,1.199,4.712,0.000,0.000,0.623,-8.569,0.990,0.734,1.577,1.574,5.281,4.711,4.711,2.198,6.282,5.083,1.570,0.000,0.000,0.184,-9.056,0.990,0.734,1.577,1.574,
24.420,31.539,0.039,-8.484,5.549,1.011,6.263,3.925,0.000,3.813,2.147,2.043,4.093,3.307,0.767,1.467,0.000,0.000,1.141,0.000,0.000,0.000,0.000,0.000,0.000,0.000,0.000,0.000,0.000,0.000,3.142,6.283,0.000,1.004,1.569,1.569,4.085,6.281,1.199,4.712,0.000,0.000,0.697,-8.635,0.990,0.734,1.577,1.574,5.281,4.711,4.711,2.198,6.282,5.083,1.570,0.000,0.000,0.258,-9.122,0.990,0.734,1.577,1.574,
24.510,31.630,0.128,-8.564,5.544,1.012,5.978,3.824,0.000,3.224,2.238,2.123,4.231,3.398,0.740,1.471,0.000,0.000,1.141,0.000,0.000,0.000,0.000,0.000,0.000,0.000,0.000,0.000,0.000,0.000,3.142,6.281,0.001,1.004,1.568,1.567,4.084,6.281,1.199,4.712,0.000,0.000,0.786,-8.717,0.990,0.736,1.577,1.574,5.281,4.710,4.709,2.197,6.282,5.083,1.570,0.000,0.000,0.345,-9.202,0.990,0.736,1.578,1.575,
24.620,31.739,0.187,-8.618,5.496,1.014,5.199,3.917,2.840,4.466,2.347,2.156,4.514,0.000,0.741,1.449,0.000,0.000,1.211,0.000,0.000,0.000,0.000,0.000,0.000,0.000,0.000,0.000,0.000,0.000,3.142,6.280,0.001,1.005,1.568,1.565,4.084,6.282,1.199,4.711,0.000,0.000,0.837,-8.801,0.990,0.782,1.577,1.573,5.281,4.710,4.708,2.197,6.282,5.083,1.570,0.000,0.000,0.373,-9.265,0.990,0.783,1.578,1.574,
24.720,31.839,0.268,-8.706,5.358,1.009,5.178,4.438,2.425,0.000,2.643,2.209,4.765,0.000,0.776,1.393,0.000,0.000,1.351,0.000,0.000,0.000,0.000,0.000,0.000,0.000,0.000,0.000,0.000,0.000,3.142,6.281,0.000,1.004,1.569,1.569,4.085,6.281,1.199,4.712,0.000,0.000,0.886,-8.979,0.990,0.925,1.579,1.576,5.282,4.711,4.711,2.198,6.281,5.083,1.570,0.000,0.000,0.361,-9.374,0.991,0.925,1.577,1.575,
24.820,31.939,0.327,-8.786,5.321,1.011,0.045,4.559,2.391,0.000,2.808,2.286,4.738,0.000,0.819,1.369,0.000,0.000,1.422,0.000,0.000,0.000,0.000,0.000,0.000,0.000,0.000,0.000,0.000,0.000,3.142,6.283,0.000,1.003,1.570,1.571,4.085,6.281,1.199,4.712,0.000,0.000,0.933,-9.082,0.990,0.964,1.579,1.577,5.281,4.712,4.713,2.198,6.281,5.083,1.570,0.000,0.000,0.395,-9.457,0.991,0.963,1.578,1.576,
24.902,32.021,0.384,-8.868,5.323,1.013,6.272,4.450,2.329,0.000,2.904,2.368,4.844,0.000,0.954,1.352,0.000,0.000,1.422,0.000,0.000,0.000,0.000,0.000,0.000,0.000,0.000,0.000,0.000,0.000,3.142,6.283,0.000,1.003,1.569,1.569,4.085,6.281,1.199,4.712,0.000,0.000,0.991,-9.162,0.990,0.960,1.579,1.577,5.281,4.711,4.711,2.198,6.282,5.083,1.570,0.000,0.000,0.454,-9.538,0.990,0.960,1.578,1.576,
25.020,32.139,0.430,-8.933,5.324,1.013,6.268,4.366,2.281,0.000,2.982,2.433,4.927,0.000,1.062,1.338,0.000,0.000,1.457,0.000,0.000,0.000,0.000,0.000,0.000,0.000,0.000,0.000,0.000,0.000,3.142,6.283,0.000,1.003,1.569,1.569,4.085,6.281,1.199,4.712,0.000,0.000,1.037,-9.227,0.990,0.959,1.579,1.577,5.281,4.711,4.711,2.198,6.282,5.083,1.570,0.000,0.000,0.500,-9.603,0.990,0.959,1.578,1.576,
25.110,32.230,0.498,-9.031,5.325,1.011,6.262,4.243,2.626,0.000,3.100,2.531,0.000,0.000,1.224,1.318,0.000,0.000,3.142,0.000,0.000,0.000,0.000,0.000,0.000,0.000,0.000,0.000,0.000,0.000,3.142,6.283,0.000,1.003,1.569,1.569,4.085,6.281,1.199,4.712,0.000,0.000,1.106,-9.324,0.990,0.958,1.579,1.577,5.281,4.711,4.711,2.198,6.282,5.083,1.570,0.000,0.000,0.570,-9.701,0.990,0.958,1.578,1.576,
25.220,32.339,0.544,-9.096,5.326,1.011,6.260,4.161,2.577,0.000,3.178,2.596,0.000,0.000,1.452,1.304,0.000,0.000,3.142,0.000,0.000,0.000,0.000,0.000,0.000,0.000,0.000,0.000,0.000,0.000,3.142,6.283,0.000,1.003,1.569,1.569,4.085,6.281,1.199,4.712,0.000,0.000,1.152,-9.388,0.990,0.957,1.579,1.577,5.281,4.711,4.711,2.198,6.282,5.083,1.570,0.000,0.000,0.616,-9.766,0.990,0.957,1.578,1.576,
25.320,32.439,0.613,-9.194,5.327,1.012,6.262,4.040,2.504,0.000,3.295,2.694,0.000,1.712,1.429,1.351,0.000,0.000,3.142,0.000,0.000,0.000,0.000,0.000,0.000,0.000,0.000,0.000,0.000,0.000,3.142,6.283,0.000,1.004,1.569,1.569,4.085,6.281,1.199,4.712,0.000,0.000,1.221,-9.485,0.990,0.956,1.579,1.577,5.281,4.711,4.711,2.198,6.282,5.083,1.570,0.000,0.000,0.685,-9.864,0.990,0.956,1.578,1.576,
25.420,32.539,0.659,-9.259,5.323,1.012,6.005,3.986,2.459,0.000,3.386,2.759,0.000,1.578,1.417,1.420,0.000,0.000,3.142,0.000,0.000,0.000,0.000,0.000,0.000,0.000,0.000,0.000,0.000,0.000,3.142,6.281,0.001,1.004,1.568,1.567,4.084,6.281,1.199,4.712,0.000,0.000,1.267,-9.552,0.990,0.958,1.579,1.576,5.281,4.710,4.709,2.197,6.282,5.083,1.570,0.000,0.000,0.730,-9.929,0.990,0.958,1.580,1.577,
25.520,32.639,0.726,-9.358,5.237,1.012,5.191,3.884,2.465,0.000,3.748,2.865,2.958,0.000,1.462,1.379,0.000,0.000,1.632,0.000,0.000,0.000,0.000,0.000,0.000,0.000,0.000,0.000,0.000,0.000,3.142,6.280,0.001,1.004,1.568,1.567,4.085,6.281,1.199,4.712,0.000,0.000,1.307,-9.702,0.990,1.043,1.580,1.578,5.282,4.711,4.710,2.197,6.282,5.083,1.570,0.000,0.000,0.739,-10.031,0.991,1.044,1.579,1.577,
25.614,32.734,0.774,-9.445,5.183,1.014,6.175,3.668,2.473,2.263,4.055,2.969,2.813,0.000,1.483,1.370,0.000,0.000,1.702,0.000,0.000,0.000,0.000,0.000,0.000,0.000,0.000,0.000,0.000,0.000,3.142,6.282,0.000,1.004,1.570,1.571,4.085,6.280,1.199,4.712,0.000,0.000,1.333,-9.822,0.990,1.103,1.581,1.580,5.282,4.712,4.713,2.198,6.281,5.083,1.571,0.000,0.000,0.749,-10.119,0.991,1.102,1.580,1.579,
25.720,32.839,0.811,-9.516,5.183,1.011,6.264,3.588,2.432,1.821,4.151,3.040,2.893,0.000,1.452,1.422,0.000,0.000,1.738,0.000,0.000,0.000,0.000,0.000,0.000,0.000,0.000,0.000,0.000,0.000,3.142,6.283,0.000,1.003,1.569,1.569,4.085,6.281,1.199,4.712,0.000,0.000,1.371,-9.892,0.990,1.099,1.582,1.579,5.281,4.711,4.711,2.198,6.282,5.083,1.570,0.000,0.000,0.786,-10.190,0.990,1.099,1.580,1.579,
25.820,32.939,0.865,-9.622,5.185,1.011,6.260,3.470,2.371,1.766,4.293,2.705,3.014,1.648,1.405,1.501,0.000,0.000,1.773,0.000,0.000,0.000,0.000,0.000,0.000,0.000,0.000,0.000,0.000,0.000,3.142,6.283,0.000,1.003,1.569,1.569,4.085,6.281,1.199,4.712,0.000,0.000,1.425,-9.997,0.990,1.099,1.581,1.579,5.281,4.711,4.711,2.198,6.282,5.083,1.570,0.000,0.000,0.841,-10.296,0.990,1.098,1.580,1.579,
25.920,33.039,0.910,-9.711,5.185,1.013,6.262,3.371,2.319,1.721,4.412,2.791,3.115,1.526,1.367,1.567,0.000,0.000,1.773,0.000,0.000,0.000,0.000,0.000,0.000,0.000,0.000,0.000,0.000,0.000,3.142,6.283,0.000,1.004,1.569,1.569,4.085,6.281,1.199,4.712,0.000,0.000,1.471,-10.086,0.990,1.098,1.581,1.579,5.281,4.711,4.711,2.198,6.282,5.083,1.570,0.000,0.000,0.887,-10.385,0.990,1.098,1.580,1.579,
26.020,33.139,0.955,-9.800,5.186,1.012,6.262,3.271,2.268,1.675,4.530,2.880,3.402,1.609,1.329,1.634,0.000,0.000,1.808,0.000,0.000,0.000,0.000,0.000,0.000,0.000,0.000,0.000,0.000,0.000,3.142,6.283,0.000,1.004,1.569,1.569,4.085,6.281,1.199,4.712,0.000,0.000,1.517,-10.174,0.990,1.097,1.581,1.579,5.281,4.711,4.711,2.198,6.282,5.083,1.570,0.000,0.000,0.933,-10.473,0.990,1.097,1.580,1.579,
26.104,33.224,1.001,-9.888,5.187,1.011,6.263,3.172,2.217,1.629,4.649,3.414,3.497,1.693,1.291,1.700,0.000,0.000,1.808,0.000,0.000,0.000,0.000,0.000,0.000,0.000,0.000,0.000,0.000,0.000,3.142,6.282,0.000,1.004,1.569,1.569,4.085,6.281,1.199,4.712,0.000,0.000,1.562,-10.262,0.990,1.096,1.581,1.579,5.281,4.711,4.711,2.198,6.282,5.083,1.570,0.000,0.000,0.979,-10.562,0.990,1.096,1.581,1.579,
26.220,33.339,1.037,-9.959,5.187,1.011,6.263,3.093,2.176,1.592,4.744,3.485,3.573,1.760,1.260,1.753,0.000,0.000,1.843,0.000,0.000,0.000,0.000,0.000,0.000,0.000,0.000,0.000,0.000,0.000,3.142,6.282,0.000,1.004,1.569,1.569,4.085,6.281,1.199,4.712,0.000,0.000,1.599,-10.333,0.990,1.096,1.581,1.579,5.281,4.711,4.711,2.198,6.282,5.083,1.570,0.000,0.000,1.016,-10.633,0.990,1.096,1.581,1.579,
26.309,33.428,1.092,-10.065,5.164,1.012,5.571,2.971,2.140,1.934,4.999,3.603,3.487,1.859,1.290,1.789,4.911,0.000,1.878,0.000,0.000,0.000,0.000,0.000,0.000,0.000,0.000,0.000,0.000,0.000,3.142,6.281,0.001,1.004,1.568,1.566,4.084,6.282,1.199,4.711,0.000,0.000,1.647,-10.450,0.990,1.114,1.581,1.578,5.281,4.710,4.708,2.197,6.282,5.083,1.570,0.000,0.000,1.057,-10.738,0.990,1.115,1.583,1.580,
26.420,33.539,1.126,-10.137,5.088,1.012,4.946,2.845,2.192,1.881,0.000,3.728,3.910,1.925,1.314,1.714,4.901,0.000,1.983,0.000,0.000,0.000,0.000,0.000,0.000,0.000,0.000,0.000,0.000,0.000,3.142,6.280,0.001,1.005,1.568,1.566,4.085,6.281,1.199,4.712,0.000,0.000,1.650,-10.564,0.990,1.191,1.584,1.581,5.282,4.710,4.709,2.197,6.282,5.083,1.570,0.000,0.000,1.040,-10.805,0.991,1.192,1.583,1.580,
26.512,33.632,1.166,-10.250,4.946,1.007,5.101,4.801,2.373,1.837,1.713,4.011,3.855,0.000,1.396,1.593,0.000,0.000,2.159,0.000,0.000,0.000,0.000,0.000,0.000,0.000,0.000,0.000,0.000,0.000,3.142,6.280,0.001,1.004,1.569,1.568,4.085,6.281,1.199,4.712,0.000,0.000,1.623,-10.747,0.990,1.335,1.592,1.590,5.282,4.711,4.711,2.198,6.282,5.083,1.570,0.000,0.000,0.984,-10.899,0.991,1.336,1.587,1.585,
26.620,33.739,1.181,-10.316,4.876,0.554,5.544,4.661,2.504,1.834,1.625,4.203,3.868,0.000,1.464,1.547,3.138,0.000,2.264,0.000,0.000,0.000,0.000,0.000,0.000,0.000,0.000,0.000,0.000,0.000,3.142,0.002,0.001,1.000,1.571,1.572,4.093,6.280,1.200,4.712,0.000,0.000,1.600,-10.846,0.989,1.410,1.629,1.628,5.281,4.713,4.714,2.198,6.281,5.083,1.570,0.000,0.000,0.952,-10.951,0.990,1.410,1.600,1.599,
26.702,33.821,1.182,-10.314,4.819,-0.386,5.578,4.633,2.652,1.849,1.576,3.823,3.836,0.000,1.592,1.504,2.809,0.000,2.299,0.000,0.000,0.000,0.000,0.000,0.000,0.000,0.000,0.000,0.000,0.000,3.142,0.001,0.001,1.001,1.570,1.570,4.089,6.281,1.199,4.712,0.000,0.000,1.570,-10.866,0.990,1.465,1.632,1.630,5.280,4.712,4.712,2.198,6.282,5.083,1.570,0.000,0.000,0.918,-10.934,0.990,1.465,1.617,1.615,
26.820,33.939,1.179,-10.286,4.750,-0.261,5.102,4.633,2.870,1.880,1.661,4.466,3.789,0.000,1.817,1.459,2.502,0.000,2.369,0.000,0.000,0.000,0.000,0.000,0.000,0.000,0.000,0.000,0.000,0.000,3.142,6.280,0.000,1.005,1.568,1.566,4.083,6.282,1.199,4.712,0.000,0.000,1.532,-10.861,0.990,1.529,1.642,1.640,5.281,4.711,4.709,2.198,6.282,5.083,1.570,0.000,0.000,0.876,-10.887,0.991,1.530,1.671,1.670,
26.907,34.026,1.179,-10.284,4.616,0.140,5.002,4.642,2.821,1.966,1.878,4.919,3.802,4.053,2.409,1.400,2.090,0.000,2.510,0.000,0.000,0.000,0.000,0.000,0.000,0.000,0.000,0.000,0.000,0.000,3.142,6.280,0.000,1.005,1.568,1.567,4.083,6.281,1.199,4.712,0.000,0.000,1.451,-10.902,0.990,1.477,4.669,4.668,5.282,4.711,4.710,2.197,6.282,5.083,1.570,0.000,0.000,0.797,-10.840,0.991,1.476,4.672,4.671,
27.020,34.139,1.178,-10.293,4.528,0.092,5.121,4.683,2.766,2.047,1.845,0.000,3.859,3.723,2.047,1.376,1.903,0.000,2.615,0.000,0.000,0.000,0.000,0.000,0.000,0.000,0.000,0.000,0.000,0.000,3.142,6.281,0.001,1.003,1.569,1.569,4.086,6.281,1.199,4.712,0.000,0.000,1.394,-10.933,0.990,1.387,4.683,4.682,5.282,4.712,4.711,2.197,6.282,5.083,1.570,0.000,0.000,0.748,-10.813,0.991,1.387,4.690,4.690,
27.110,34.229,1.178,-10.296,4.425,-0.036,5.314,4.777,2.900,2.174,1.825,0.000,3.959,4.033,2.053,1.363,1.737,0.000,2.720,0.000,0.000,0.000,0.000,0.000,0.000,0.000,0.000,0.000,0.000,0.000,3.142,6.281,0.001,1.003,1.569,1.569,4.086,6.281,1.199,4.712,0.000,0.000,1.326,-10.955,0.990,1.284,4.695,4.694,5.281,4.711,4.711,2.198,6.282,5.083,1.570,0.000,0.000,0.697,-10.769,0.990,1.283,4.696,4.696,
27.220,34.339,1.179,-10.293,4.355,-0.046,5.226,4.887,4.254,2.282,1.821,1.744,4.049,3.940,2.067,1.364,1.651,0.000,2.755,0.000,0.000,0.000,0.000,0.000,0.000,0.000,0.000,0.000,0.000,0.000,3.142,6.281,0.001,1.004,1.569,1.568,4.085,6.281,1.199,4.712,0.000,0.000,1.281,-10.960,0.990,1.215,4.700,4.699,5.281,4.711,4.711,2.198,6.282,5.083,1.570,0.000,0.000,0.666,-10.731,0.990,1.214,4.699,4.699,
27.320,34.439,1.180,-10.292,4.240,0.019,5.110,3.103,4.681,2.517,1.836,1.622,3.767,3.840,0.000,1.501,1.541,0.000,2.896,0.000,0.000,0.000,0.000,0.000,0.000,0.000,0.000,0.000,0.000,0.000,3.142,6.281,0.001,1.004,1.569,1.568,4.085,6.281,1.199,4.712,0.000,0.000,1.205,-10.966,0.990,1.100,4.702,4.702,5.282,4.711,4.711,2.198,6.282,5.083,1.570,0.000,0.000,0.620,-10.668,0.991,1.099,4.703,4.703,
27.415,34.534,1.179,-10.294,4.140,0.014,5.209,2.590,4.632,2.796,1.870,1.594,4.512,3.800,0.000,1.739,1.471,0.000,3.001,0.000,0.000,0.000,0.000,0.000,0.000,0.000,0.000,0.000,0.000,0.000,3.142,6.281,0.001,1.004,1.569,1.569,4.085,6.281,1.199,4.712,0.000,0.000,1.137,-10.967,0.990,0.999,4.703,4.704,5.282,4.711,4.711,2.198,6.282,5.083,1.570,0.000,0.000,0.584,-10.612,0.991,0.999,4.704,4.705,
27.520,34.639,1.179,-10.294,4.069,-0.007,5.253,2.327,4.618,2.975,1.907,1.925,4.743,3.353,0.000,1.981,1.433,0.000,3.071,0.000,0.000,0.000,0.000,0.000,0.000,0.000,0.000,0.000,0.000,0.000,3.142,6.281,0.001,1.004,1.569,1.569,4.085,6.281,1.199,4.712,0.000,0.000,1.089,-10.963,0.990,0.928,4.704,4.705,5.281,4.711,4.711,2.197,6.282,5.083,1.570,0.000,0.000,0.563,-10.569,0.990,0.927,4.705,4.706,
27.620,34.739,1.180,-10.293,3.956,-0.008,5.131,2.027,4.645,2.764,1.988,1.864,0.000,3.822,3.999,2.573,1.392,0.000,3.142,0.000,0.000,0.000,0.000,0.000,0.000,0.000,0.000,0.000,0.000,0.000,3.142,6.281,0.001,1.004,1.569,1.568,4.085,6.281,1.199,4.712,0.000,0.000,1.016,-10.948,0.990,0.816,4.706,4.706,5.281,4.711,4.711,2.198,6.282,5.083,1.570,0.000,0.000,0.538,-10.498,0.991,0.816,4.706,4.707,
27.720,34.839,1.180,-10.293,3.856,0.003,5.142,1.835,4.719,2.713,2.090,1.832,0.000,3.891,4.131,2.048,1.372,0.000,3.142,0.000,0.000,0.000,0.000,0.000,0.000,0.000,0.000,0.000,0.000,0.000,3.142,6.281,0.001,1.004,1.569,1.568,4.085,6.281,1.199,4.712,0.000,0.000,0.951,-10.928,0.990,0.715,4.706,4.707,5.282,4.711,4.711,2.198,6.282,5.083,1.570,0.000,0.000,0.521,-10.432,0.991,0.715,4.707,4.708,
27.820,34.939,1.180,-10.294,3.761,0.001,5.191,1.697,4.825,3.780,2.220,1.820,1.746,3.996,3.986,2.059,1.365,0.000,4.967,0.000,0.000,0.000,0.000,0.000,0.000,0.000,0.000,0.000,0.000,0.000,3.142,6.281,0.001,1.004,1.569,1.568,4.085,6.281,1.199,4.712,0.000,0.000,0.891,-10.903,0.990,0.620,4.707,4.708,5.281,4.711,4.711,2.198,6.282,5.083,1.570,0.000,0.000,0.510,-10.369,0.990,0.619,4.707,4.709,
27.920,35.039,1.180,-10.294,3.667,-0.004,5.210,1.595,4.992,4.738,2.385,1.824,1.643,4.143,3.886,0.000,1.390,0.000,5.072,0.000,0.000,0.000,0.000,0.000,0.000,0.000,0.000,0.000,0.000,0.000,3.142,6.281,0.001,1.004,1.569,1.568,4.085,6.281,1.199,4.712,0.000,0.000,0.836,-10.874,0.990,0.527,4.707,4.709,5.281,4.711,4.711,2.198,6.282,5.083,1.570,0.000,0.000,0.506,-10.306,0.990,0.526,4.707,4.709,
28.020,35.139,1.181,-10.294,3.570,-0.002,5.139,1.514,2.888,4.663,2.610,1.845,1.562,4.347,3.822,0.000,1.580,0.000,5.142,0.000,0.000,0.000,0.000,0.000,0.000,0.000,0.000,0.000,0.000,0.000,3.142,6.281,0.001,1.004,1.569,1.568,4.085,6.281,1.199,4.712,0.000,0.000,0.782,-10.838,0.990,0.430,4.707,4.709,5.281,4.711,4.711,2.198,6.282,5.083,1.570,0.000,0.000,0.509,-10.241,0.991,0.430,4.708,4.710,
28.120,35.239,1.181,-10.294,3.470,-0.004,5.167,1.452,2.444,4.621,2.926,1.886,1.921,4.630,3.795,0.000,1.863,0.000,5.248,0.000,0.000,0.000,0.000,0.000,0.000,0.000,0.000,0.000,0.000,0.000,3.142,6.281,0.001,1.004,1.569,1.569,4.085,6.281,1.199,4.712,0.000,0.000,0.730,-10.795,0.990,0.329,4.707,4.710,5.282,4.711,4.711,2.198,6.282,5.083,1.570,0.000,0.000,0.518,-10.174,0.991,0.329,4.708,4.710,
28.220,35.339,1.182,-10.294,3.375,-0.012,5.217,1.411,2.153,4.625,2.850,1.944,1.868,4.983,3.804,0.000,2.269,0.000,5.353,0.000,0.000,0.000,0.000,0.000,0.000,0.000,0.000,0.000,0.000,0.000,3.142,6.281,0.001,1.004,1.569,1.568,4.085,6.281,1.199,4.712,0.000,0.000,0.686,-10.750,0.990,0.235,4.707,4.710,5.282,4.711,4.711,2.197,6.282,5.083,1.570,0.000,0.000,0.533,-10.112,0.990,0.234,4.708,4.711,
28.310,35.430,1.182,-10.294,3.286,0.014,5.226,1.385,1.949,4.667,2.704,2.021,1.837,4.815,3.845,3.935,2.053,0.000,5.423,0.000,0.000,0.000,0.000,0.000,0.000,0.000,0.000,0.000,0.000,0.000,3.142,6.281,0.001,1.004,1.569,1.568,4.085,6.281,1.199,4.712,0.000,0.000,0.647,-10.705,0.990,0.146,4.708,4.711,5.281,4.711,4.711,2.198,6.282,5.083,1.570,0.000,0.000,0.552,-10.055,0.990,0.145,4.708,4.711,
28.420,35.539,1.181,-10.294,3.210,0.008,5.183,1.371,1.813,4.732,2.695,2.106,1.823,0.000,3.905,4.108,2.050,0.000,5.529,0.000,0.000,0.000,0.000,0.000,0.000,0.000,0.000,0.000,0.000,0.000,3.142,6.281,0.001,1.004,1.569,1.568,4.085,6.281,1.199,4.712,0.000,0.000,0.616,-10.663,0.990,0.070,4.708,4.711,5.281,4.711,4.711,2.198,6.282,5.083,1.570,0.000,0.000,0.571,-10.008,0.990,0.069,4.708,4.711,
28.520,35.639,1.182,-10.295,3.094,-0.010,5.164,1.367,1.657,4.880,4.207,2.274,1.820,1.703,4.047,3.945,2.070,0.000,5.634,0.000,0.000,0.000,0.000,0.000,0.000,0.000,0.000,0.000,0.000,0.000,3.142,6.281,0.001,1.004,1.569,1.568,4.085,6.281,1.199,4.712,0.000,0.000,0.578,-10.596,0.990,6.237,4.708,4.712,5.281,4.711,4.711,2.198,6.282,5.083,1.570,0.000,0.000,0.608,-9.940,0.991,6.236,4.708,4.712,
28.613,35.732,1.182,-10.295,2.999,-0.003,5.192,1.455,1.563,3.263,4.698,2.460,1.836,1.608,4.214,3.859,0.000,0.000,5.739,0.000,0.000,0.000,0.000,0.000,0.000,0.000,0.000,0.000,0.000,0.000,3.142,6.281,0.001,1.004,1.569,1.568,4.085,6.281,1.199,4.712,0.000,0.000,0.552,-10.537,0.990,6.142,4.708,4.712,5.281,4.711,4.711,2.198,6.282,5.083,1.570,0.000,0.000,0.645,-9.887,0.990,6.141,4.708,4.712,
28.720,35.839,1.182,-10.295,2.923,0.002,5.178,1.617,1.504,2.809,4.652,2.651,1.862,1.558,4.388,3.817,0.000,0.000,5.809,0.000,0.000,0.000,0.000,0.000,0.000,0.000,0.000,0.000,0.000,0.000,3.142,6.281,0.001,1.004,1.569,1.568,4.085,6.281,1.199,4.712,0.000,0.000,0.536,-10.489,0.990,6.066,4.708,4.712,5.281,4.711,4.711,2.198,6.282,5.083,1.570,0.000,0.000,0.678,-9.848,0.991,6.065,4.708,4.713,
28.804,35.924,1.182,-10.296,2.811,-0.002,5.202,1.960,1.439,2.352,4.616,3.030,1.922,1.904,4.724,3.358,0.000,0.000,5.915,0.000,0.000,0.000,0.000,0.000,0.000,0.000,0.000,0.000,0.000,0.000,3.142,6.281,0.001,1.004,1.569,1.568,4.085,6.281,1.199,4.712,0.000,0.000,0.518,-10.416,0.990,5.954,4.707,4.713,5.281,4.711,4.711,2.198,6.282,5.083,1.570,0.000,0.000,0.731,-9.795,0.990,5.953,4.708,4.713,
28.920,36.039,1.182,-10.296,2.737,-0.004,5.189,2.299,1.409,2.136,4.625,2.836,1.978,1.866,0.000,3.808,4.108,0.000,5.985,0.000,0.000,0.000,0.000,0.000,0.000,0.000,0.000,0.000,0.000,0.000,3.142,6.281,0.001,1.004,1.569,1.568,4.085,6.281,1.199,4.712,0.000,0.000,0.511,-10.367,0.990,5.880,4.707,4.713,5.281,4.711,4.711,2.198,6.282,5.083,1.570,0.000,0.000,0.769,-9.763,0.990,5.879,4.708,4.714,
29.020,36.139,1.182,-10.296,2.624,-0.002,5.166,2.052,1.379,1.892,4.688,2.750,2.092,1.830,0.000,3.868,4.187,0.000,6.090,0.000,0.000,0.000,0.000,0.000,0.000,0.000,0.000,0.000,0.000,0.000,3.142,6.281,0.001,1.004,1.569,1.568,4.085,6.281,1.199,4.712,0.000,0.000,0.507,-10.291,0.990,5.767,4.707,4.714,5.281,4.711,4.711,2.198,6.282,5.083,1.570,0.000,0.000,0.832,-9.720,0.990,5.766,4.707,4.714,
29.120,36.239,1.182,-10.296,2.545,-0.001,5.128,2.055,1.369,1.764,4.757,2.777,2.198,1.819,1.806,3.942,4.056,0.000,6.195,0.000,0.000,0.000,0.000,0.000,0.000,0.000,0.000,0.000,0.000,0.000,3.142,6.281,0.001,1.004,1.569,1.568,4.085,6.281,1.199,4.712,0.000,0.000,0.510,-10.238,0.990,5.687,4.707,4.714,5.282,4.711,4.711,2.198,6.282,5.083,1.570,0.000,0.000,0.879,-9.694,0.991,5.687,4.707,4.715,
29.219,36.339,1.182,-10.297,2.430,-0.004,5.199,0.000,1.370,1.623,4.935,4.767,2.400,1.824,1.668,4.099,3.914,0.000,0.018,0.000,0.000,0.000,0.000,0.000,0.000,0.000,0.000,0.000,0.000,0.000,3.142,6.281,0.001,1.004,1.569,1.568,4.085,6.281,1.199,4.712,0.000,0.000,0.521,-10.162,0.990,5.573,4.706,4.715,5.281,4.711,4.711,2.198,6.282,5.083,1.570,0.000,0.000,0.949,-9.664,0.990,5.572,4.707,4.715,
29.320,36.439,1.175,-10.290,2.356,0.371,5.495,0.000,1.472,1.545,3.169,4.693,2.582,1.847,1.607,4.232,3.847,0.000,0.088,0.000,0.000,0.000,0.000,0.000,0.000,0.000,0.000,0.000,0.000,0.000,3.142,6.277,6.283,1.007,1.567,1.566,4.078,6.281,1.199,4.712,0.000,0.000,0.526,-10.110,0.990,5.502,4.711,4.713,5.283,4.710,4.709,2.197,6.282,5.083,1.571,0.000,0.000,0.988,-9.643,0.991,5.501,4.707,4.716,
29.419,36.539,1.105,-10.219,2.321,1.257,6.203,0.000,1.548,1.440,2.802,4.748,2.779,1.929,1.656,3.749,3.754,0.000,0.123,0.000,0.000,0.000,0.000,0.000,0.000,0.000,0.000,0.000,0.000,0.000,3.142,6.279,6.283,1.007,1.568,1.567,4.079,6.281,1.199,4.712,0.000,0.000,0.463,-10.015,0.990,5.466,4.710,4.713,5.282,4.710,4.709,2.197,6.282,5.083,1.570,0.000,0.000,0.942,-9.566,0.990,5.466,4.706,4.717,
29.520,36.639,1.033,-10.141,2.321,1.336,6.270,0.000,1.555,1.359,2.643,4.827,2.886,2.003,1.736,4.141,3.675,0.000,2.053,0.000,0.000,0.000,0.000,0.000,0.000,0.000,0.000,0.000,0.000,0.000,3.142,6.282,0.000,1.004,1.569,1.569,4.085,6.281,1.199,4.712,0.000,0.000,0.391,-9.934,0.990,5.463,4.705,4.717,5.281,4.711,4.711,2.198,6.282,5.083,1.570,0.000,0.000,0.871,-9.487,0.990,5.463,4.705,4.717,
29.620,36.739,0.944,-10.046,2.321,0.878,6.270,0.000,1.563,1.260,2.450,4.924,3.017,2.093,1.835,4.032,3.579,0.000,2.685,0.000,0.000,0.000,0.000,0.000,0.000,0.000,0.000,0.000,0.000,0.000,3.142,0.000,0.001,1.002,1.570,1.570,4.088,6.281,1.200,4.712,0.000,0.000,0.302,-9.838,0.990,5.461,4.703,4.718,5.281,4.712,4.712,2.198,6.282,5.083,1.570,0.000,0.000,0.782,-9.391,0.990,5.462,4.705,4.717,
29.710,36.829,0.888,-9.985,2.321,0.882,6.269,0.000,1.567,1.197,2.329,4.985,3.099,2.151,1.897,3.963,3.518,0.000,2.685,0.000,0.000,0.000,0.000,0.000,0.000,0.000,0.000,0.000,0.000,0.000,3.142,6.281,0.000,1.004,1.569,1.568,4.083,6.281,1.199,4.712,0.000,0.000,0.245,-9.779,0.990,5.464,4.706,4.716,5.281,4.711,4.710,2.197,6.282,5.083,1.570,0.000,0.000,0.725,-9.331,0.990,5.464,4.706,4.717,
29.820,36.939,0.836,-9.930,2.321,1.054,6.269,0.000,1.572,1.139,2.216,0.000,3.175,2.204,0.000,3.900,3.461,0.000,2.685,0.000,0.000,0.000,0.000,0.000,0.000,0.000,0.000,0.000,0.000,0.000,3.142,6.281,0.000,1.005,1.569,1.568,4.083,6.281,1.199,4.712,0.000,0.000,0.193,-9.724,0.990,5.464,4.707,4.715,5.281,4.711,4.710,2.197,6.282,5.083,1.570,0.000,0.000,0.673,-9.276,0.990,5.464,4.706,4.717,
29.912,37.032,0.748,-9.835,2.320,1.076,6.180,0.000,1.582,1.040,2.021,0.000,3.307,2.294,0.000,3.794,3.366,0.000,2.720,0.000,0.000,0.000,0.000,0.000,0.000,0.000,0.000,0.000,0.000,0.000,3.142,6.282,0.001,1.004,1.569,1.568,4.085,6.281,1.199,4.712,0.000,0.000,0.105,-9.628,0.990,5.463,4.705,4.717,5.281,4.711,4.711,2.197,6.282,5.083,1.570,0.000,0.000,0.585,-9.181,0.990,5.463,4.705,4.717,
30.020,37.139,0.692,-9.776,2.292,0.988,5.479,0.000,1.654,0.974,1.804,0.000,3.496,2.364,0.000,3.786,3.294,0.000,2.755,0.000,0.000,0.000,0.000,0.000,0.000,0.000,0.000,0.000,0.000,0.000,3.142,6.281,0.001,1.004,1.568,1.566,4.085,6.281,1.199,4.711,0.000,0.000,0.055,-9.552,0.990,5.438,4.705,4.716,5.281,4.710,4.708,2.197,6.282,5.083,1.570,0.000,0.000,0.547,-9.118,0.990,5.437,4.704,4.717,
30.109,37.228,0.619,-9.687,2.161,0.979,4.861,0.000,1.283,1.044,1.349,0.000,3.606,2.534,0.000,4.023,3.188,0.000,2.896,0.000,0.000,0.000,0.000,0.000,0.000,0.000,0.000,0.000,0.000,0.000,3.142,6.280,0.001,1.005,1.568,1.566,4.084,6.281,1.199,4.712,0.000,0.000,0.017,-9.382,0.990,5.305,4.704,4.718,5.282,4.711,4.709,2.197,6.282,5.083,1.570,0.000,0.000,0.562,-9.016,0.991,5.304,4.705,4.717,
30.220,37.339,0.576,-9.621,2.078,1.021,5.539,0.000,1.196,1.115,1.152,0.000,3.597,2.668,2.067,4.222,3.139,0.000,3.001,0.000,0.000,0.000,0.000,0.000,0.000,0.000,0.000,0.000,0.000,0.000,3.142,6.281,0.000,1.004,1.570,1.570,4.085,6.280,1.199,4.712,0.000,0.000,0.003,-9.266,0.990,5.219,4.702,4.720,5.282,4.712,4.712,2.198,6.281,5.083,1.571,0.000,0.000,0.577,-8.947,0.991,5.218,4.705,4.718,
30.308,37.428,0.518,-9.514,2.064,1.028,6.274,0.000,1.090,1.167,1.047,0.000,3.690,2.751,2.525,3.526,3.036,0.000,3.001,0.000,0.000,0.000,0.000,0.000,0.000,0.000,0.000,0.000,0.000,0.000,3.142,6.283,0.000,1.003,1.569,1.569,4.086,6.281,1.199,4.712,0.000,0.000,-0.050,-9.151,0.990,5.205,4.702,4.721,5.281,4.711,4.711,2.198,6.282,5.083,1.570,0.000,0.000,0.528,-8.840,0.990,5.206,4.703,4.720,
30.420,37.539,0.480,-9.444,2.065,1.006,6.272,0.000,1.022,1.194,0.999,0.000,3.772,2.792,0.000,3.527,2.965,0.000,3.036,0.000,0.000,0.000,0.000,0.000,0.000,0.000,0.000,0.000,0.000,0.000,3.142,6.283,0.000,1.003,1.570,1.570,4.086,6.281,1.199,4.712,0.000,0.000,-0.088,-9.081,0.990,5.206,4.702,4.721,5.281,4.711,4.712,2.198,6.282,5.083,1.570,0.000,0.000,0.489,-8.770,0.990,5.206,4.703,4.720,
30.510,37.629,0.424,-9.340,2.066,1.003,6.264,0.000,1.208,1.233,1.033,0.000,3.893,2.852,0.000,3.884,2.860,0.000,3.036,0.000,0.000,0.000,0.000,0.000,0.000,0.000,0.000,0.000,0.000,0.000,3.142,6.283,0.000,1.003,1.569,1.569,4.085,6.281,1.199,4.712,0.000,0.000,-0.145,-8.978,0.990,5.208,4.702,4.720,5.281,4.711,4.711,2.198,6.282,5.083,1.570,0.000,0.000,0.432,-8.666,0.990,5.208,4.703,4.720,
30.620,37.739,0.386,-9.270,2.067,1.015,6.260,0.000,1.623,1.259,1.056,0.000,3.974,2.893,0.000,3.786,2.789,0.000,3.036,0.000,0.000,0.000,0.000,0.000,0.000,0.000,0.000,0.000,0.000,0.000,3.142,6.283,0.000,1.004,1.569,1.569,4.085,6.281,1.199,4.712,0.000,0.000,-0.183,-8.908,0.990,5.209,4.702,4.720,5.281,4.711,4.711,2.198,6.282,5.083,1.570,0.000,0.000,0.394,-8.596,0.990,5.209,4.703,4.720,
30.715,37.835,0.329,-9.164,2.068,1.016,6.260,0.000,0.000,1.003,1.090,0.000,4.096,2.955,0.000,3.638,2.683,0.000,3.071,0.000,0.000,0.000,0.000,0.000,0.000,0.000,0.000,0.000,0.000,0.000,3.142,6.283,0.000,1.003,1.569,1.569,4.085,6.281,1.199,4.712,0.000,0.000,-0.241,-8.803,0.990,5.210,4.702,4.720,5.281,4.711,4.711,2.198,6.282,5.083,1.570,0.000,0.000,0.336,-8.490,0.990,5.210,4.703,4.720,
30.820,37.939,0.291,-9.094,2.068,1.010,6.261,0.000,0.000,0.912,1.113,0.000,4.177,2.996,0.000,3.541,2.612,0.000,3.071,0.000,0.000,0.000,0.000,0.000,0.000,0.000,0.000,0.000,0.000,0.000,3.142,6.283,0.000,1.003,1.569,1.569,4.085,6.281,1.199,4.712,0.000,0.000,-0.279,-8.734,0.990,5.210,4.702,4.720,5.281,4.711,4.711,2.198,6.282,5.083,1.570,0.000,0.000,0.297,-8.420,0.990,5.210,4.703,4.720,
30.920,38.039,0.234,-8.990,2.070,1.010,0.067,0.000,0.000,0.777,1.147,4.307,4.300,3.057,0.000,3.393,2.506,0.000,3.071,0.000,0.000,0.000,0.000,0.000,0.000,0.000,0.000,0.000,0.000,0.000,3.142,6.283,0.000,1.003,1.570,1.570,4.086,6.281,1.199,4.712,0.000,0.000,-0.336,-8.630,0.990,5.211,4.702,4.721,5.281,4.712,4.712,2.199,6.282,5.083,1.570,0.000,0.000,0.240,-8.316,0.990,5.211,4.704,4.719,
31.012,38.132,0.186,-8.903,2.113,1.012,1.033,4.774,0.000,0.690,1.178,0.000,4.415,3.051,0.000,3.151,2.409,0.000,3.001,0.000,0.000,0.000,0.000,0.000,0.000,0.000,0.000,0.000,0.000,0.000,3.142,0.001,0.000,1.003,1.571,1.572,4.086,6.281,1.199,4.712,0.000,0.000,-0.398,-8.567,0.990,5.251,4.703,4.721,5.282,4.713,4.714,2.199,6.281,5.083,1.571,0.000,0.000,0.164,-8.228,0.991,5.251,4.706,4.718,
31.120,38.239,0.144,-8.835,2.205,1.013,1.441,0.000,0.000,0.652,1.212,0.000,4.820,2.577,0.000,2.853,2.336,0.000,2.931,0.000,0.000,0.000,0.000,0.000,0.000,0.000,3.576,0.000,0.000,0.000,3.142,0.002,0.000,1.003,1.571,1.571,4.085,6.282,1.199,4.712,0.000,0.000,-0.469,-8.555,0.990,5.345,4.705,4.718,5.282,4.713,4.713,2.198,6.282,5.083,1.571,0.000,0.000,0.059,-8.166,0.991,5.345,4.707,4.716,
31.220,38.339,0.068,-8.741,2.338,1.020,0.980,4.343,3.358,0.573,1.269,0.000,4.225,2.571,0.000,2.526,2.268,0.000,2.791,0.000,0.000,0.000,0.000,0.000,0.000,0.000,0.000,0.000,0.000,0.000,3.142,0.001,0.000,1.003,1.570,1.569,4.085,6.282,1.199,4.712,0.000,0.000,-0.577,-8.546,0.990,5.481,4.706,4.716,5.282,4.712,4.711,2.198,6.283,5.083,1.570,0.000,0.000,-0.105,-8.090,0.991,5.480,4.707,4.715,
31.320,38.439,-0.003,-8.670,2.390,1.017,0.189,4.037,3.264,0.557,1.294,0.000,4.110,3.024,4.429,2.384,2.217,0.000,2.966,0.000,0.000,0.000,0.000,0.000,0.000,0.000,0.000,0.000,0.000,0.000,3.142,6.283,0.000,1.004,1.568,1.567,4.085,6.282,1.199,4.712,0.000,0.000,-0.659,-8.510,0.990,5.535,4.706,4.715,5.281,4.711,4.710,2.198,6.282,5.083,1.570,0.000,0.000,-0.211,-8.030,0.990,5.534,4.707,4.715,
31.420,38.539,-0.075,-8.603,2.391,1.006,6.269,3.936,3.191,0.583,1.290,0.000,4.206,3.350,3.403,2.309,1.737,0.000,2.966,0.000,0.000,0.000,0.000,0.000,0.000,0.000,0.000,0.000,0.000,0.000,3.142,6.282,0.000,1.004,1.569,1.569,4.085,6.281,1.199,4.712,0.000,0.000,-0.730,-8.441,0.990,5.533,4.706,4.716,5.281,4.711,4.711,2.198,6.282,5.083,1.570,0.000,0.000,-0.283,-7.961,0.990,5.533,4.706,4.716,
31.520,38.639,-0.148,-8.535,2.391,1.009,6.268,3.838,3.118,0.608,1.287,0.000,4.304,3.925,4.146,2.235,1.632,0.000,3.001,0.000,0.000,0.000,0.000,0.000,0.000,0.000,0.000,0.000,0.000,0.000,3.142,6.282,0.000,1.004,1.569,1.569,4.085,6.281,1.199,4.712,0.000,0.000,-0.803,-8.374,0.990,5.533,4.706,4.716,5.281,4.711,4.711,2.198,6.282,5.083,1.570,0.000,0.000,-0.356,-7.894,0.990,5.533,4.706,4.716,
31.620,38.739,-0.221,-8.467,2.391,1.014,6.268,3.739,3.045,0.634,0.555,0.000,4.403,4.480,4.006,2.160,1.834,0.000,3.001,0.000,0.000,0.000,0.000,0.000,0.000,0.000,0.000,0.000,0.000,0.000,3.142,6.282,0.000,1.004,1.569,1.569,4.085,6.281,1.199,4.712,0.000,0.000,-0.876,-8.306,0.990,5.533,4.706,4.716,5.281,4.711,4.711,2.198,6.282,5.083,1.570,0.000,0.000,-0.429,-7.826,0.990,5.534,4.706,4.716,
31.705,38.824,-0.294,-8.399,2.391,1.013,6.267,3.640,2.972,0.659,0.577,0.000,4.502,4.667,3.866,2.085,1.636,0.000,3.036,0.000,0.000,0.000,0.000,0.000,0.000,0.000,0.000,0.000,0.000,0.000,3.142,6.282,0.000,1.004,1.569,1.569,4.085,6.281,1.199,4.712,0.000,0.000,-0.949,-8.238,0.990,5.534,4.706,4.716,5.281,4.711,4.711,2.198,6.282,5.083,1.570,0.000,0.000,-0.502,-7.758,0.990,5.534,4.706,4.716,
31.820,38.939,-0.352,-8.345,2.392,1.010,6.267,3.561,0.000,0.680,0.595,0.000,4.580,0.000,3.754,2.025,1.580,0.000,3.036,0.000,0.000,0.000,0.000,0.000,0.000,0.000,0.000,0.000,0.000,0.000,3.142,6.282,0.000,1.004,1.569,1.569,4.085,6.281,1.199,4.712,0.000,0.000,-1.007,-8.184,0.990,5.534,4.706,4.716,5.281,4.711,4.711,2.198,6.282,5.083,1.570,0.000,0.000,-0.560,-7.704,0.990,5.534,4.706,4.716,
31.920,39.039,-0.439,-8.264,2.392,1.011,6.267,3.443,0.000,0.710,0.622,0.000,4.698,0.000,3.587,1.936,1.498,0.000,3.071,0.000,0.000,0.000,0.000,0.000,0.000,0.000,0.000,0.000,0.000,0.000,3.142,6.282,0.000,1.004,1.569,1.569,4.085,6.281,1.199,4.712,0.000,0.000,-1.094,-8.103,0.990,5.534,4.706,4.716,5.281,4.711,4.711,2.198,6.282,5.083,1.570,0.000,0.000,-0.648,-7.623,0.990,5.534,4.706,4.716,
32.020,39.139,-0.512,-8.196,2.392,1.012,6.267,3.344,0.000,2.887,0.645,0.000,4.797,0.000,3.447,1.861,1.428,0.000,3.071,0.000,0.000,0.000,0.000,0.000,0.000,0.000,0.000,0.000,0.000,0.000,3.142,6.282,0.000,1.004,1.569,1.569,4.085,6.281,1.199,4.712,0.000,0.000,-1.167,-8.036,0.990,5.534,4.706,4.716,5.281,4.711,4.711,2.198,6.282,5.083,1.570,0.000,0.000,-0.721,-7.555,0.990,5.534,4.706,4.716,
32.120,39.239,-0.585,-8.128,2.393,1.012,6.266,3.245,0.000,2.803,0.667,0.000,4.895,0.000,3.308,1.787,1.359,0.000,3.106,0.000,0.000,0.000,0.000,0.000,0.000,0.000,0.000,0.000,0.000,0.000,3.142,6.282,0.000,1.004,1.569,1.569,4.085,6.281,1.199,4.712,0.000,0.000,-1.240,-7.968,0.990,5.535,4.706,4.716,5.281,4.711,4.711,2.198,6.282,5.083,1.570,0.000,0.000,-0.794,-7.487,0.990,5.535,4.706,4.716,
32.220,39.339,-0.658,-8.061,2.393,1.011,6.266,3.146,0.000,2.719,0.689,0.935,4.993,0.000,3.168,1.712,1.290,0.000,3.106,0.000,0.000,0.000,0.000,0.000,0.000,0.000,0.000,0.000,0.000,0.000,3.142,6.282,0.000,1.004,1.569,1.569,4.085,6.281,1.199,4.712,0.000,0.000,-1.313,-7.901,0.990,5.535,4.706,4.716,5.281,4.711,4.711,2.198,6.282,5.083,1.570,0.000,0.000,-0.867,-7.420,0.990,5.535,4.706,4.716,
32.320,39.439,-0.731,-7.993,2.393,1.011,6.266,3.048,0.000,2.635,0.712,0.965,0.000,0.000,2.207,1.638,1.221,0.000,3.142,0.000,0.000,0.000,0.000,0.000,0.000,0.000,0.000,0.000,0.000,0.000,3.142,6.282,0.000,1.004,1.569,1.569,4.085,6.281,1.199,4.712,0.000,0.000,-1.386,-7.833,0.990,5.535,4.706,4.716,5.281,4.711,4.711,2.198,6.282,5.083,1.570,0.000,0.000,-0.940,-7.352,0.990,5.535,4.706,4.716,
32.420,39.539,-0.804,-7.925,2.394,1.012,6.266,2.949,0.000,2.550,0.734,0.996,0.000,0.000,2.890,1.563,4.635,0.000,3.142,0.000,0.000,0.000,0.000,0.000,0.000,0.000,0.000,0.000,0.000,0.000,3.142,6.282,0.000,1.004,1.569,1.569,4.085,6.281,1.199,4.712,0.000,0.000,-1.459,-7.766,0.990,5.536,4.706,4.716,5.281,4.711,4.711,2.198,6.282,5.083,1.570,0.000,0.000,-1.013,-7.285,0.990,5.536,4.706,4.716,
32.520,39.639,-0.877,-7.858,2.394,1.012,6.267,2.850,0.000,2.466,1.414,1.027,0.000,0.000,2.751,1.008,4.735,0.000,3.142,0.000,0.000,0.000,0.000,0.000,0.000,0.000,0.000,0.000,0.000,0.000,3.142,6.282,0.000,1.004,1.569,1.569,4.085,6.281,1.199,4.712,0.000,0.000,-1.532,-7.698,0.990,5.536,4.706,4.716,5.281,4.711,4.711,2.198,6.282,5.083,1.570,0.000,0.000,-1.086,-7.217,0.990,5.536,4.706,4.716,
32.620,39.739,-0.950,-7.790,2.394,1.011,6.266,2.751,0.000,2.382,1.487,1.057,0.000,0.000,2.613,1.414,4.836,0.000,3.142,0.000,0.000,0.000,0.000,0.000,0.000,0.000,0.000,0.000,0.000,0.000,3.142,6.282,0.000,1.004,1.569,1.569,4.085,6.281,1.199,4.712,0.000,0.000,-1.605,-7.631,0.990,5.536,4.706,4.716,5.281,4.711,4.711,2.198,6.282,5.083,1.570,0.000,0.000,-1.160,-7.149,0.990,5.536,4.706,4.716,
32.710,39.829,-1.023,-7.722,2.395,1.012,6.266,2.652,0.000,2.509,1.561,1.087,0.000,0.000,2.474,1.013,4.936,0.000,3.142,0.000,0.000,0.000,0.000,0.000,0.000,0.000,0.000,0.000,0.000,0.000,3.142,6.282,0.000,1.004,1.569,1.569,4.085,6.281,1.199,4.712,0.000,0.000,-1.678,-7.564,0.990,5.537,4.706,4.716,5.281,4.711,4.711,2.198,6.282,5.083,1.570,0.000,0.000,-1.233,-7.082,0.990,5.537,4.706,4.716,
32.820,39.939,-1.081,-7.668,2.395,1.012,6.266,2.573,0.000,2.614,1.619,1.112,0.000,0.000,2.364,0.954,0.000,0.000,3.142,0.000,0.000,0.000,0.000,0.000,0.000,0.000,0.000,0.000,0.000,0.000,3.142,6.282,0.000,1.004,1.569,1.569,4.085,6.281,1.199,4.712,0.000,0.000,-1.737,-7.510,0.990,5.537,4.706,4.716,5.281,4.711,4.711,2.198,6.282,5.083,1.570,0.000,0.000,-1.291,-7.028,0.990,5.537,4.706,4.716,
32.920,40.039,-1.169,-7.587,2.395,1.011,6.266,2.454,0.000,2.419,1.707,1.148,0.000,0.000,2.198,0.865,0.000,0.000,3.142,0.000,0.000,0.000,0.000,0.000,0.000,0.000,0.000,0.000,0.000,0.000,3.142,6.282,0.000,1.004,1.569,1.569,4.085,6.281,1.199,4.712,0.000,0.000,-1.824,-7.429,0.990,5.537,4.706,4.716,5.281,4.711,4.711,2.198,6.282,5.083,1.570,0.000,0.000,-1.379,-6.947,0.990,5.538,4.706,4.716,
33.002,40.121,-1.242,-7.520,2.396,1.012,6.266,2.356,4.981,2.335,1.780,1.179,0.000,0.000,2.060,0.791,0.000,0.000,3.142,0.000,0.000,0.000,0.000,0.000,0.000,0.000,0.000,0.000,0.000,0.000,3.142,6.282,0.000,1.004,1.569,1.569,4.085,6.281,1.199,4.712,0.000,0.000,-1.898,-7.362,0.990,5.538,4.706,4.716,5.281,4.711,4.711,2.198,6.282,5.083,1.570,0.000,0.000,-1.453,-6.880,0.990,5.538,4.706,4.716,
33.120,40.239,-1.283,-7.482,2.396,0.484,6.265,2.299,4.940,2.287,1.822,1.196,0.000,0.000,1.982,0.749,0.000,0.000,3.142,0.000,0.000,0.000,0.000,0.000,0.000,0.000,0.000,0.000,0.000,0.000,3.142,0.002,0.001,1.001,1.571,1.572,4.090,6.281,1.200,4.712,0.000,0.000,-1.939,-7.321,0.989,5.535,4.702,4.718,5.281,4.712,4.713,2.198,6.282,5.083,1.570,0.000,0.000,-1.493,-6.840,0.990,5.536,4.706,4.716,
33.220,40.339,-1.306,-7.461,2.397,0.120,6.265,2.268,4.916,2.262,3.738,1.206,0.000,0.000,1.937,0.758,0.000,0.000,3.142,0.000,0.000,0.000,0.000,0.000,0.000,0.000,0.000,0.000,0.000,0.000,3.142,0.000,0.001,1.003,1.570,1.570,4.087,6.281,1.199,4.712,0.000,0.000,-1.962,-7.302,0.990,5.538,4.704,4.717,5.281,4.712,4.712,2.198,6.282,5.083,1.570,0.000,0.000,-1.517,-6.820,0.990,5.538,4.706,4.716,
33.304,40.424,-1.309,-7.458,2.397,0.000,6.269,2.263,4.913,2.259,3.740,1.208,0.000,0.000,1.930,0.765,0.000,0.000,3.142,0.000,0.000,0.000,0.000,0.000,0.000,0.000,0.000,0.000,0.000,0.000,3.142,6.283,0.000,1.003,1.569,1.569,4.086,6.281,1.199,4.712,0.000,0.000,-1.965,-7.301,0.990,5.539,4.705,4.716,5.281,4.711,4.711,2.198,6.282,5.083,1.570,0.000,0.000,-1.520,-6.818,0.990,5.539,4.706,4.716,
33.420,40.539,-1.309,-7.458,2.397,0.000,6.273,2.263,4.913,2.259,3.740,1.208,0.000,0.000,1.931,0.765,0.000,0.000,3.142,0.000,0.000,0.000,0.000,0.000,0.000,0.000,0.000,0.000,0.000,0.000,3.142,6.283,0.000,1.003,1.569,1.569,4.085,6.281,1.199,4.712,0.000,0.000,-1.965,-7.301,0.990,5.539,4.706,4.716,5.281,4.711,4.711,2.198,6.282,5.083,1.570,0.000,0.000,-1.520,-6.818,0.990,5.539,4.707,4.716,
33.520,40.639,-1.343,-7.427,2.384,0.832,0.090,2.246,4.886,2.202,3.796,1.206,0.000,0.000,1.010,0.823,0.000,0.000,3.142,0.000,0.000,0.000,0.000,0.000,0.000,0.000,0.000,0.000,0.000,0.000,3.142,6.278,6.283,1.008,1.568,1.566,4.077,6.282,1.199,4.712,0.000,0.000,-1.996,-7.265,0.990,5.529,4.711,4.712,5.282,4.710,4.709,2.197,6.282,5.083,1.571,0.000,0.000,-1.547,-6.786,0.991,5.529,4.706,4.716,
33.620,40.739,-1.422,-7.352,2.368,1.266,5.653,2.169,4.815,2.092,3.777,1.322,0.000,0.000,1.809,0.980,0.000,0.000,3.142,0.000,0.000,0.000,0.000,0.000,0.000,0.000,0.000,0.000,0.000,0.000,3.142,6.279,0.000,1.006,1.567,1.564,4.082,6.282,1.199,4.711,0.000,0.000,-2.074,-7.179,0.990,5.516,4.708,4.714,5.282,4.709,4.707,2.197,6.283,5.083,1.570,0.000,0.000,-1.617,-6.708,0.990,5.515,4.705,4.716,
33.720,40.839,-1.503,-7.271,2.268,0.978,4.837,2.284,4.801,2.089,2.958,1.687,0.000,0.000,2.026,0.970,4.023,0.000,3.142,0.000,0.000,0.000,0.000,0.000,0.000,0.000,0.000,0.000,0.000,0.000,3.142,6.282,0.001,1.003,1.569,1.567,4.088,6.281,1.199,4.712,0.000,0.000,-2.134,-7.031,0.989,5.412,4.702,4.719,5.281,4.711,4.710,2.197,6.282,5.083,1.570,0.000,0.000,-1.631,-6.610,0.990,5.411,4.705,4.716,
33.820,40.939,-1.553,-7.208,2.147,0.750,5.108,2.584,1.649,4.806,2.384,1.950,0.000,0.000,1.082,0.897,3.918,0.000,3.142,0.000,0.000,0.000,0.000,0.000,0.000,0.000,0.000,0.000,0.000,0.000,3.142,6.281,0.001,1.004,1.569,1.569,4.086,6.281,1.199,4.712,0.000,0.000,-2.150,-6.893,0.990,5.289,4.703,4.719,5.282,4.712,4.711,2.198,6.281,5.083,1.570,0.000,0.000,-1.600,-6.535,0.991,5.289,4.705,4.717,
33.920,41.039,-1.595,-7.140,2.062,0.907,5.451,2.565,1.545,0.000,2.512,2.029,1.921,4.655,1.103,0.873,4.377,0.000,1.457,0.000,0.000,0.000,0.000,0.000,0.000,0.000,0.000,0.000,0.000,0.000,3.142,6.280,0.000,1.005,1.568,1.567,4.083,6.281,1.199,4.712,0.000,0.000,-2.164,-6.777,0.990,5.206,4.704,4.718,5.282,4.711,4.710,2.197,6.282,5.083,1.570,0.000,0.000,-1.586,-6.466,0.991,5.205,4.703,4.719,
34.020,41.139,-1.639,-7.054,1.988,1.016,5.366,2.375,1.554,0.000,2.222,4.550,1.810,4.891,1.136,0.872,3.422,0.000,1.422,0.000,0.000,0.000,0.000,0.000,0.000,0.000,0.000,0.000,0.000,0.000,3.142,6.280,0.001,1.005,1.568,1.567,4.084,6.281,1.199,4.712,0.000,0.000,-2.180,-6.650,0.990,5.133,4.701,4.721,5.282,4.711,4.710,2.197,6.282,5.083,1.570,0.000,0.000,-1.580,-6.383,0.990,5.132,4.701,4.721,
34.120,41.239,-1.670,-6.982,1.919,0.950,5.244,2.230,1.582,0.000,2.050,4.041,1.730,0.000,1.161,0.861,3.403,0.000,1.632,0.000,0.000,0.000,0.000,0.000,0.000,0.000,0.000,0.000,0.000,0.000,3.142,6.281,0.001,1.004,1.569,1.567,4.086,6.281,1.199,4.712,0.000,0.000,-2.182,-6.541,0.990,5.063,4.697,4.725,5.282,4.711,4.710,2.197,6.282,5.083,1.570,0.000,0.000,-1.565,-6.317,0.990,5.062,4.699,4.724,
34.220,41.339,-1.704,-6.881,1.810,0.877,5.255,2.543,1.670,4.502,2.218,3.707,1.961,0.000,0.000,0.836,3.288,0.000,2.755,0.000,0.000,0.000,0.000,0.000,0.000,0.000,0.000,0.000,0.000,0.000,3.142,6.281,0.001,1.004,1.569,1.567,4.085,6.281,1.199,4.712,0.000,0.000,-2.164,-6.388,0.990,4.954,4.692,4.731,5.282,4.711,4.710,2.197,6.282,5.083,1.570,0.000,0.000,-1.526,-6.231,0.991,4.953,4.694,4.729,
34.304,41.423,-1.723,-6.795,1.722,0.924,5.287,4.720,1.780,1.396,4.553,2.961,2.389,0.000,0.000,0.816,2.623,0.000,2.861,0.000,0.000,0.000,0.000,0.000,0.000,0.000,0.000,0.000,0.000,0.000,3.142,6.280,0.001,1.005,1.568,1.567,4.084,6.281,1.199,4.712,0.000,0.000,-2.137,-6.263,0.990,4.865,4.682,4.741,5.282,4.711,4.710,2.197,6.282,5.083,1.570,0.000,0.000,-1.489,-6.163,0.991,4.865,4.684,4.740,
34.420,41.539,-1.733,-6.722,1.652,0.949,5.296,0.000,1.899,1.295,4.930,2.618,2.443,0.000,0.000,0.801,2.607,0.000,2.931,0.000,0.000,0.000,0.000,0.000,0.000,0.000,0.000,0.000,0.000,0.000,3.142,6.280,0.001,1.004,1.568,1.567,4.085,6.281,1.199,4.712,0.000,0.000,-2.110,-6.162,0.990,4.796,4.655,4.768,5.282,4.711,4.710,2.197,6.282,5.083,1.570,0.000,0.000,-1.455,-6.108,0.991,4.795,4.659,4.764,
34.515,41.634,-1.737,-6.660,1.574,0.202,6.035,3.345,2.079,1.316,0.000,2.823,2.497,0.000,0.000,0.782,4.771,0.000,3.001,0.000,0.000,0.000,0.000,0.000,0.000,0.000,0.000,0.000,0.000,0.000,3.142,0.000,0.001,1.002,1.571,1.573,4.088,6.280,1.199,4.712,0.000,0.000,-2.065,-6.071,0.990,4.718,2.956,0.185,5.281,4.712,4.714,2.198,6.281,5.083,1.571,0.000,0.000,-1.410,-6.070,0.990,4.717,3.058,0.083,
34.620,41.739,-1.737,-6.652,1.572,0.055,6.266,3.326,2.084,1.317,0.000,2.698,2.506,0.000,0.000,0.782,4.759,0.000,3.001,0.000,0.000,0.000,0.000,0.000,0.000,0.000,0.000,0.000,0.000,0.000,3.142,6.283,0.001,1.003,1.569,1.569,4.086,6.281,1.199,4.712,0.000,0.000,-2.067,-6.062,0.990,4.718,3.372,6.051,5.281,4.711,4.712,2.198,6.282,5.083,1.570,0.000,0.000,-1.411,-6.062,0.990,4.717,3.450,5.974,
34.703,41.822,-1.737,-6.651,1.573,0.000,6.271,3.327,2.083,1.317,0.000,2.699,2.506,0.000,0.000,0.782,4.761,0.000,3.001,0.000,0.000,0.000,0.000,0.000,0.000,0.000,0.000,0.000,0.000,0.000,3.142,6.283,0.000,1.003,1.569,1.569,4.085,6.281,1.199,4.712,0.000,0.000,-2.067,-6.062,0.990,4.718,3.465,5.959,5.281,4.711,4.712,2.198,6.282,5.083,1.570,0.000,0.000,-1.411,-6.061,0.990,4.717,3.530,5.894,
34.820,41.939,-1.737,-6.651,1.573,0.000,6.271,3.327,2.083,1.317,0.000,2.699,2.506,0.000,0.000,0.782,4.761,0.000,3.001,0.000,0.000,0.000,0.000,0.000,0.000,0.000,0.000,0.000,0.000,0.000,3.142,6.283,0.000,1.003,1.569,1.569,4.085,6.281,1.199,4.712,0.000,0.000,-2.067,-6.062,0.990,4.718,3.466,5.958,5.281,4.711,4.712,2.198,6.282,5.083,1.570,0.000,0.000,-1.411,-6.061,0.990,4.717,3.533,5.891,
34.920,42.039,-1.737,-6.651,1.573,0.000,6.271,3.327,2.083,1.317,0.000,2.699,2.506,0.000,0.000,0.782,4.761,0.000,3.001,0.000,0.000,0.000,0.000,0.000,0.000,0.000,0.000,0.000,0.000,0.000,3.142,6.283,0.000,1.003,1.569,1.569,4.085,6.281,1.199,4.712,0.000,0.000,-2.067,-6.062,0.990,4.718,3.466,5.958,5.281,4.711,4.712,2.198,6.282,5.083,1.570,0.000,0.000,-1.411,-6.061,0.990,4.717,3.533,5.891,
35.020,42.139,-1.737,-6.651,1.573,0.000,6.271,3.327,2.083,1.317,0.000,2.699,2.506,0.000,0.000,0.782,4.761,0.000,3.001,0.000,0.000,0.000,0.000,0.000,0.000,0.000,0.000,0.000,0.000,0.000,3.142,6.283,0.000,1.003,1.569,1.569,4.085,6.281,1.199,4.712,0.000,0.000,-2.067,-6.062,0.990,4.718,3.466,5.958,5.281,4.711,4.712,2.198,6.282,5.083,1.570,0.000,0.000,-1.411,-6.061,0.990,4.717,3.533,5.891,
35.120,42.239,-1.737,-6.651,1.573,0.000,6.271,3.327,2.083,1.317,0.000,2.699,2.506,0.000,0.000,0.782,4.761,0.000,3.001,0.000,0.000,0.000,0.000,0.000,0.000,0.000,0.000,0.000,0.000,0.000,3.142,6.283,0.000,1.003,1.569,1.569,4.085,6.281,1.199,4.712,0.000,0.000,-2.067,-6.062,0.990,4.718,3.466,5.958,5.281,4.711,4.712,2.198,6.282,5.083,1.570,0.000,0.000,-1.411,-6.061,0.990,4.717,3.533,5.891,
35.215,42.334,-1.737,-6.651,1.573,0.000,6.271,3.327,2.083,1.317,0.000,2.699,2.506,0.000,0.000,0.782,4.761,0.000,3.001,0.000,0.000,0.000,0.000,0.000,0.000,0.000,0.000,0.000,0.000,0.000,3.142,6.283,0.000,1.003,1.569,1.569,4.085,6.281,1.199,4.712,0.000,0.000,-2.067,-6.062,0.990,4.718,3.466,5.958,5.281,4.711,4.712,2.198,6.282,5.083,1.570,0.000,0.000,-1.411,-6.061,0.990,4.717,3.533,5.891,
35.320,42.439,-1.737,-6.651,1.573,0.000,6.271,3.327,2.083,1.317,0.000,2.699,2.506,0.000,0.000,0.782,4.761,0.000,3.001,0.000,0.000,0.000,0.000,0.000,0.000,0.000,0.000,0.000,0.000,0.000,3.142,6.283,0.000,1.003,1.569,1.569,4.085,6.281,1.199,4.712,0.000,0.000,-2.067,-6.062,0.990,4.718,3.466,5.958,5.281,4.711,4.712,2.198,6.282,5.083,1.570,0.000,0.000,-1.411,-6.061,0.990,4.717,3.533,5.891,
35.420,42.539,-1.737,-6.651,1.573,0.000,6.271,3.327,2.083,1.317,0.000,2.699,2.506,0.000,0.000,0.782,4.761,0.000,3.001,0.000,0.000,0.000,0.000,0.000,0.000,0.000,0.000,0.000,0.000,0.000,3.142,6.283,0.000,1.003,1.569,1.569,4.085,6.281,1.199,4.712,0.000,0.000,-2.067,-6.062,0.990,4.718,3.466,5.958,5.281,4.711,4.712,2.198,6.282,5.083,1.570,0.000,0.000,-1.411,-6.061,0.990,4.717,3.533,5.891,
35.520,42.639,-1.737,-6.651,1.573,0.000,6.271,3.327,2.083,1.317,0.000,2.699,2.506,0.000,0.000,0.782,4.761,0.000,3.001,0.000,0.000,0.000,0.000,0.000,0.000,0.000,0.000,0.000,0.000,0.000,3.142,6.283,0.000,1.003,1.569,1.569,4.085,6.281,1.199,4.712,0.000,0.000,-2.067,-6.062,0.990,4.718,3.466,5.958,5.281,4.711,4.712,2.198,6.282,5.083,1.570,0.000,0.000,-1.411,-6.061,0.990,4.717,3.533,5.891,
35.620,42.739,-1.737,-6.651,1.573,0.000,6.271,3.327,2.083,1.317,0.000,2.699,2.506,0.000,0.000,0.782,4.761,0.000,3.001,0.000,0.000,0.000,0.000,0.000,0.000,0.000,0.000,0.000,0.000,0.000,3.142,6.283,0.000,1.003,1.569,1.569,4.085,6.281,1.199,4.712,0.000,0.000,-2.067,-6.062,0.990,4.718,3.466,5.958,5.281,4.711,4.712,2.198,6.282,5.083,1.570,0.000,0.000,-1.411,-6.061,0.990,4.717,3.533,5.891,
35.701,42.820,-1.737,-6.651,1.573,0.000,6.271,3.327,2.083,1.317,0.000,2.699,2.506,0.000,0.000,0.782,4.761,0.000,3.001,0.000,0.000,0.000,0.000,0.000,0.000,0.000,0.000,0.000,0.000,0.000,3.142,6.283,0.000,1.003,1.569,1.569,4.085,6.281,1.199,4.712,0.000,0.000,-2.067,-6.062,0.990,4.718,3.466,5.958,5.281,4.711,4.712,2.198,6.282,5.083,1.570,0.000,0.000,-1.411,-6.061,0.990,4.717,3.533,5.891,
35.820,42.939,-1.737,-6.651,1.573,0.000,6.271,3.327,2.083,1.317,0.000,2.699,2.506,0.000,0.000,0.782,4.761,0.000,3.001,0.000,0.000,0.000,0.000,0.000,0.000,0.000,0.000,0.000,0.000,0.000,3.142,6.283,0.000,1.003,1.569,1.569,4.085,6.281,1.199,4.712,0.000,0.000,-2.067,-6.062,0.990,4.718,3.466,5.958,5.281,4.711,4.712,2.198,6.282,5.083,1.570,0.000,0.000,-1.411,-6.061,0.990,4.717,3.533,5.891,
35.904,43.023,-1.737,-6.651,1.573,0.000,6.271,3.327,2.083,1.317,0.000,2.699,2.506,0.000,0.000,0.782,4.761,0.000,3.001,0.000,0.000,0.000,0.000,0.000,0.000,0.000,0.000,0.000,0.000,0.000,3.142,6.283,0.000,1.003,1.569,1.569,4.085,6.281,1.199,4.712,0.000,0.000,-2.067,-6.062,0.990,4.718,3.466,5.958,5.281,4.711,4.712,2.198,6.282,5.083,1.570,0.000,0.000,-1.411,-6.061,0.990,4.717,3.533,5.891,
36.020,43.139,-1.737,-6.651,1.573,0.000,6.271,3.327,2.083,1.317,0.000,2.699,2.506,0.000,0.000,0.782,4.761,0.000,3.001,0.000,0.000,0.000,0.000,0.000,0.000,0.000,0.000,0.000,0.000,0.000,3.142,6.283,0.000,1.003,1.569,1.569,4.085,6.281,1.199,4.712,0.000,0.000,-2.067,-6.062,0.990,4.718,3.466,5.958,5.281,4.711,4.712,2.198,6.282,5.083,1.570,0.000,0.000,-1.411,-6.061,0.990,4.717,3.533,5.891,
36.107,43.227,-1.737,-6.651,1.573,0.000,6.271,3.327,2.083,1.317,0.000,2.699,2.506,0.000,0.000,0.782,4.761,0.000,3.001,0.000,0.000,0.000,0.000,0.000,0.000,0.000,0.000,0.000,0.000,0.000,3.142,6.283,0.000,1.003,1.569,1.569,4.085,6.281,1.199,4.712,0.000,0.000,-2.067,-6.062,0.990,4.718,3.466,5.958,5.281,4.711,4.712,2.198,6.282,5.083,1.570,0.000,0.000,-1.411,-6.061,0.990,4.717,3.533,5.891,
36.220,43.339,-1.737,-6.651,1.573,0.000,6.271,3.327,2.083,1.317,0.000,2.699,2.506,0.000,0.000,0.782,4.761,0.000,3.001,0.000,0.000,0.000,0.000,0.000,0.000,0.000,0.000,0.000,0.000,0.000,3.142,6.283,0.000,1.003,1.569,1.569,4.085,6.281,1.199,4.712,0.000,0.000,-2.067,-6.062,0.990,4.718,3.466,5.958,5.281,4.711,4.712,2.198,6.282,5.083,1.570,0.000,0.000,-1.411,-6.061,0.990,4.717,3.533,5.891,
36.308,43.428,-1.737,-6.651,1.573,0.000,6.271,3.327,2.083,1.317,0.000,2.699,2.506,0.000,0.000,0.782,4.761,0.000,3.001,0.000,0.000,0.000,0.000,0.000,0.000,0.000,0.000,0.000,0.000,0.000,3.142,6.283,0.000,1.003,1.569,1.569,4.085,6.281,1.199,4.712,0.000,0.000,-2.067,-6.062,0.990,4.718,3.466,5.958,5.281,4.711,4.712,2.198,6.282,5.083,1.570,0.000,0.000,-1.411,-6.061,0.990,4.717,3.533,5.891,
36.420,43.539,-1.737,-6.651,1.573,0.000,6.271,3.327,2.083,1.317,0.000,2.699,2.506,0.000,0.000,0.782,4.761,0.000,3.001,0.000,0.000,0.000,0.000,0.000,0.000,0.000,0.000,0.000,0.000,0.000,3.142,6.283,0.000,1.003,1.569,1.569,4.085,6.281,1.199,4.712,0.000,0.000,-2.067,-6.062,0.990,4.718,3.466,5.958,5.281,4.711,4.712,2.198,6.282,5.083,1.570,0.000,0.000,-1.411,-6.061,0.990,4.717,3.533,5.891,
36.511,43.630,-1.737,-6.651,1.573,0.000,6.271,3.327,2.083,1.317,0.000,2.699,2.506,0.000,0.000,0.782,4.761,0.000,3.001,0.000,0.000,0.000,0.000,0.000,0.000,0.000,0.000,0.000,0.000,0.000,3.142,6.283,0.000,1.003,1.569,1.569,4.085,6.281,1.199,4.712,0.000,0.000,-2.067,-6.062,0.990,4.718,3.466,5.958,5.281,4.711,4.712,2.198,6.282,5.083,1.570,0.000,0.000,-1.411,-6.061,0.990,4.717,3.533,5.891,
36.620,43.739,-1.737,-6.651,1.573,0.000,6.271,3.327,2.083,1.317,0.000,2.699,2.506,0.000,0.000,0.782,4.761,0.000,3.001,0.000,0.000,0.000,0.000,0.000,0.000,0.000,0.000,0.000,0.000,0.000,3.142,6.283,0.000,1.003,1.569,1.569,4.085,6.281,1.199,4.712,0.000,0.000,-2.067,-6.062,0.990,4.718,3.466,5.958,5.281,4.711,4.712,2.198,6.282,5.083,1.570,0.000,0.000,-1.411,-6.061,0.990,4.717,3.533,5.891,
36.715,43.834,-1.737,-6.651,1.573,0.000,6.271,3.327,2.083,1.317,0.000,2.699,2.506,0.000,0.000,0.782,4.761,0.000,3.001,0.000,0.000,0.000,0.000,0.000,0.000,0.000,0.000,0.000,0.000,0.000,3.142,6.283,0.000,1.003,1.569,1.569,4.085,6.281,1.199,4.712,0.000,0.000,-2.067,-6.062,0.990,4.718,3.466,5.958,5.281,4.711,4.712,2.198,6.282,5.083,1.570,0.000,0.000,-1.411,-6.061,0.990,4.717,3.533,5.891,
36.820,43.939,-1.737,-6.651,1.573,0.000,6.271,3.327,2.083,1.317,0.000,2.699,2.506,0.000,0.000,0.782,4.761,0.000,3.001,0.000,0.000,0.000,0.000,0.000,0.000,0.000,0.000,0.000,0.000,0.000,3.142,6.283,0.000,1.003,1.569,1.569,4.085,6.281,1.199,4.712,0.000,0.000,-2.067,-6.062,0.990,4.718,3.466,5.958,5.281,4.711,4.712,2.198,6.282,5.083,1.570,0.000,0.000,-1.411,-6.061,0.990,4.717,3.533,5.891,
36.916,44.036,-1.737,-6.641,1.573,0.375,0.140,3.317,2.083,1.317,0.000,2.699,2.516,0.000,0.000,0.782,4.761,0.000,3.001,0.000,0.000,0.000,0.000,0.000,0.000,0.000,0.000,0.000,0.000,0.000,3.142,6.278,6.283,1.008,1.567,1.566,4.078,6.282,1.199,4.712,0.000,0.000,-2.070,-6.055,0.990,4.719,4.572,4.852,5.282,4.710,4.708,2.197,6.282,5.083,1.570,0.000,0.000,-1.414,-6.051,0.990,4.720,4.050,5.374,
37.020,44.139,-1.737,-6.586,1.573,0.996,0.094,3.259,2.084,1.317,0.000,2.699,2.572,0.000,0.000,0.781,4.761,0.000,3.001,0.000,0.000,0.000,0.000,0.000,0.000,0.000,0.000,0.000,0.000,0.000,3.142,6.278,6.283,1.008,1.567,1.565,4.077,6.281,1.199,4.712,0.000,0.000,-2.070,-6.000,0.991,4.719,4.625,4.798,5.282,4.709,4.708,2.197,6.282,5.083,1.570,0.000,0.000,-1.413,-5.995,0.991,4.720,4.096,5.328,
37.120,44.239,-1.737,-6.435,1.538,1.340,5.583,2.978,1.882,1.332,0.000,2.570,2.724,0.000,0.785,0.773,4.540,0.000,3.071,0.000,0.000,0.000,0.000,0.000,0.000,0.000,0.000,0.000,0.000,0.000,3.142,6.281,0.001,1.004,1.568,1.566,4.085,6.281,1.199,4.712,0.000,0.000,-2.048,-5.836,0.990,4.742,1.740,1.400,5.281,4.710,4.709,2.197,6.282,5.083,1.570,0.000,0.000,-1.392,-5.856,0.990,4.743,1.734,1.407,
37.220,44.339,-1.732,-6.322,1.494,0.947,6.041,2.948,1.691,1.358,0.000,2.433,2.844,0.000,0.793,1.271,4.506,0.000,3.106,0.000,0.000,0.000,0.000,0.000,0.000,0.000,0.000,0.000,0.000,0.000,3.142,0.000,0.001,1.002,1.570,1.571,4.088,6.280,1.200,4.712,0.000,0.000,-2.012,-5.708,0.989,4.793,1.652,1.489,5.281,4.712,4.713,2.198,6.281,5.083,1.570,0.000,0.000,-1.359,-5.759,0.990,4.792,1.631,1.511,
37.320,44.439,-1.725,-6.238,1.492,0.843,6.267,2.869,1.589,1.367,1.429,2.437,2.928,0.000,0.786,1.263,4.406,0.000,3.106,0.000,0.000,0.000,0.000,0.000,0.000,0.000,0.000,0.000,0.000,0.000,3.142,6.282,0.000,1.004,1.569,1.569,4.084,6.281,1.199,4.712,0.000,0.000,-2.007,-5.625,0.990,4.791,1.628,1.513,5.281,4.711,4.711,2.198,6.282,5.083,1.570,0.000,0.000,-1.353,-5.676,0.990,4.791,1.630,1.511,
37.416,44.535,-1.718,-6.146,1.492,1.049,6.267,2.777,1.480,1.374,1.328,2.505,3.021,0.000,0.778,1.256,4.285,0.000,3.106,0.000,0.000,0.000,0.000,0.000,0.000,0.000,0.000,0.000,0.000,0.000,3.142,6.281,0.000,1.005,1.569,1.568,4.083,6.281,1.199,4.712,0.000,0.000,-2.000,-5.533,0.990,4.790,1.619,1.522,5.281,4.711,4.710,2.198,6.282,5.083,1.570,0.000,0.000,-1.346,-5.584,0.990,4.790,1.629,1.512,
37.520,44.639,-1.711,-6.060,1.492,1.108,6.266,2.692,1.378,1.381,1.335,2.614,3.107,0.000,0.771,1.249,2.058,0.000,3.106,0.000,0.000,0.000,0.000,0.000,0.000,0.000,0.000,0.000,0.000,0.000,3.142,6.282,0.000,1.004,1.569,1.569,4.085,6.281,1.199,4.712,0.000,0.000,-1.993,-5.447,0.990,4.791,1.630,1.511,5.281,4.711,4.711,2.198,6.282,5.083,1.570,0.000,0.000,-1.339,-5.498,0.990,4.791,1.629,1.512,
37.620,44.739,-1.702,-5.936,1.493,0.990,6.266,2.568,1.231,1.391,1.345,2.772,3.231,0.000,0.760,1.187,1.896,0.000,3.106,0.000,0.000,0.000,0.000,0.000,0.000,0.000,0.000,0.000,0.000,0.000,3.142,6.283,0.000,1.003,1.569,1.569,4.086,6.281,1.199,4.712,0.000,0.000,-1.983,-5.323,0.990,4.791,1.638,1.503,5.281,4.711,4.711,2.198,6.282,5.083,1.570,0.000,0.000,-1.329,-5.374,0.990,4.791,1.630,1.511,
37.706,44.826,-1.694,-5.841,1.493,0.968,6.266,2.473,1.212,1.399,1.353,2.893,3.326,0.000,0.844,1.180,1.793,0.000,3.106,0.000,0.000,0.000,0.000,0.000,0.000,0.000,0.000,0.000,0.000,0.000,3.142,6.282,0.000,1.004,1.569,1.569,4.085,6.281,1.199,4.712,0.000,0.000,-1.976,-5.228,0.990,4.790,1.631,1.510,5.281,4.711,4.711,2.198,6.282,5.083,1.570,0.000,0.000,-1.322,-5.279,0.990,4.790,1.630,1.511,
37.820,44.939,-1.688,-5.763,1.493,1.014,6.266,2.395,1.223,1.406,1.359,2.991,3.404,0.000,1.051,4.541,1.784,0.000,3.106,0.000,0.000,0.000,0.000,0.000,0.000,0.000,0.000,0.000,0.000,0.000,3.142,6.282,0.000,1.004,1.569,1.569,4.084,6.281,1.199,4.712,0.000,0.000,-1.971,-5.151,0.990,4.789,1.629,1.512,5.281,4.711,4.711,2.198,6.282,5.083,1.570,0.000,0.000,-1.317,-5.201,0.990,4.789,1.630,1.511,
37.920,45.039,-1.679,-5.642,1.494,1.033,6.266,2.274,1.240,1.415,1.369,3.146,3.526,1.295,1.272,4.490,1.849,0.000,3.106,0.000,0.000,0.000,0.000,0.000,0.000,0.000,0.000,0.000,0.000,0.000,3.142,6.282,0.000,1.004,1.569,1.569,4.085,6.281,1.199,4.712,0.000,0.000,-1.961,-5.029,0.990,4.789,1.633,1.507,5.281,4.711,4.711,2.198,6.282,5.083,1.570,0.000,0.000,-1.307,-5.079,0.990,4.789,1.631,1.511,
38.020,45.139,-1.671,-5.542,1.494,1.005,6.266,2.175,1.253,1.423,1.377,3.273,3.626,1.279,1.263,4.449,1.837,0.000,3.106,0.000,0.000,0.000,0.000,0.000,0.000,0.000,0.000,0.000,0.000,0.000,3.142,6.282,0.000,1.004,1.569,1.569,4.085,6.281,1.199,4.712,0.000,0.000,-1.954,-4.929,0.990,4.789,1.635,1.506,5.281,4.711,4.711,2.198,6.282,5.083,1.570,0.000,0.000,-1.300,-4.979,0.990,4.789,1.631,1.510,
38.120,45.239,-1.664,-5.444,1.494,1.001,6.266,2.077,1.266,1.431,1.385,0.000,3.724,1.264,1.255,4.408,1.826,0.000,3.106,0.000,0.000,0.000,0.000,0.000,0.000,0.000,0.000,0.000,0.000,0.000,3.142,6.282,0.000,1.004,1.569,1.569,4.085,6.281,1.199,4.712,0.000,0.000,-1.947,-4.831,0.990,4.789,1.633,1.508,5.281,4.711,4.711,2.198,6.282,5.083,1.570,0.000,0.000,-1.292,-4.881,0.990,4.788,1.631,1.510,
38.216,45.335,-1.656,-5.345,1.495,1.015,6.266,1.979,1.279,1.245,1.393,0.000,3.823,1.249,1.246,4.366,1.815,0.000,3.106,0.000,0.000,0.000,0.000,0.000,0.000,0.000,0.000,0.000,0.000,0.000,3.142,6.282,0.000,1.004,1.569,1.569,4.085,6.281,1.199,4.712,0.000,0.000,-1.939,-4.733,0.990,4.788,1.633,1.508,5.281,4.711,4.711,2.198,6.282,5.083,1.570,0.000,0.000,-1.285,-4.782,0.990,4.788,1.631,1.510,
38.320,45.439,-1.650,-5.265,1.495,1.018,6.266,1.899,1.290,1.022,1.399,0.000,3.903,1.237,1.240,4.333,1.807,0.000,3.106,0.000,0.000,0.000,0.000,0.000,0.000,0.000,0.000,0.000,0.000,0.000,3.142,6.282,0.000,1.004,1.569,1.569,4.085,6.281,1.199,4.712,0.000,0.000,-1.933,-4.653,0.990,4.788,1.634,1.507,5.281,4.711,4.711,2.198,6.282,5.083,1.570,0.000,0.000,-1.279,-4.702,0.990,4.788,1.632,1.510,
38.420,45.539,-1.641,-5.152,1.496,0.706,6.267,1.787,2.501,0.758,1.408,0.000,4.016,1.220,1.176,0.000,1.794,0.000,3.106,0.000,0.000,0.000,0.000,0.000,0.000,0.000,0.000,0.000,0.000,0.000,3.142,0.002,0.001,1.001,1.571,1.571,4.091,6.281,1.200,4.712,0.000,0.000,-1.923,-4.538,0.989,4.791,1.673,1.468,5.280,4.712,4.713,2.198,6.282,5.083,1.570,0.000,0.000,-1.269,-4.589,0.990,4.790,1.632,1.509,
38.513,45.632,-1.638,-5.108,1.496,0.259,6.265,1.743,2.505,0.762,1.412,0.000,4.060,1.236,1.173,4.515,1.790,0.000,3.106,0.000,0.000,0.000,0.000,0.000,0.000,0.000,0.000,0.000,0.000,0.000,3.142,0.001,0.001,1.002,1.570,1.570,4.088,6.281,1.200,4.712,0.000,0.000,-1.921,-4.496,0.989,4.789,1.656,1.485,5.281,4.712,4.712,2.198,6.282,5.083,1.570,0.000,0.000,-1.267,-4.545,0.990,4.788,1.633,1.508,
38.620,45.739,-1.637,-5.097,1.496,0.086,6.265,1.730,2.505,0.763,1.413,0.000,4.072,1.251,1.172,4.460,1.790,0.000,3.106,0.000,0.000,0.000,0.000,0.000,0.000,0.000,0.000,0.000,0.000,0.000,3.142,0.000,0.001,1.003,1.570,1.570,4.087,6.281,1.199,4.712,0.000,0.000,-1.921,-4.484,0.990,4.787,1.647,1.494,5.281,4.711,4.712,2.198,6.282,5.083,1.570,0.000,0.000,-1.267,-4.533,0.990,4.787,1.633,1.508,
38.720,45.839,-1.637,-5.095,1.497,0.000,6.271,1.728,2.504,0.763,1.413,0.000,4.074,1.253,1.171,4.445,1.790,0.000,3.106,0.000,0.000,0.000,0.000,0.000,0.000,0.000,0.000,0.000,0.000,0.000,3.142,6.283,0.000,1.003,1.569,1.569,4.085,6.281,1.199,4.712,0.000,0.000,-1.921,-4.483,0.990,4.787,1.638,1.502,5.281,4.711,4.712,2.198,6.282,5.083,1.570,0.000,0.000,-1.267,-4.531,0.990,4.786,1.629,1.512,
38.805,45.925,-1.638,-5.105,1.496,-0.392,6.211,1.739,2.505,0.762,1.413,0.000,4.064,1.241,1.172,4.495,1.790,0.000,3.106,0.000,0.000,0.000,0.000,0.000,0.000,0.000,0.000,0.000,0.000,0.000,3.142,0.004,0.001,0.999,1.571,1.572,4.093,6.280,1.200,4.712,0.000,0.000,-1.919,-4.490,0.989,4.792,1.687,1.453,5.280,4.713,4.714,2.199,6.281,5.083,1.570,0.000,0.000,-1.265,-4.542,0.990,4.791,1.625,1.516,
38.920,46.039,-1.643,-5.164,1.489,-1.068,6.111,1.806,2.523,0.759,1.405,0.000,4.006,1.235,1.181,4.882,1.783,0.000,3.106,0.000,0.000,0.000,0.000,0.000,0.000,0.000,0.000,0.000,0.000,0.000,3.142,0.004,0.001,0.999,1.571,1.572,4.094,6.280,1.200,4.712,0.000,0.000,-1.920,-4.548,0.989,4.798,1.683,1.458,5.280,4.713,4.714,2.200,6.281,5.083,1.570,0.000,0.000,-1.266,-4.604,0.990,4.797,1.619,1.522,
39.020,46.139,-1.656,-5.322,1.487,-1.356,6.273,1.966,1.296,1.156,1.390,0.000,3.848,1.266,1.250,4.362,1.797,0.000,3.106,0.000,0.000,0.000,0.000,0.000,0.000,0.000,0.000,0.000,0.000,0.000,3.142,6.283,0.000,1.004,1.569,1.569,4.084,6.281,1.199,4.712,0.000,0.000,-1.934,-4.708,0.990,4.796,1.623,1.518,5.281,4.711,4.711,2.199,6.282,5.083,1.570,0.000,0.000,-1.280,-4.763,0.990,4.796,1.619,1.522,
39.109,46.228,-1.665,-5.433,1.487,-0.896,6.276,2.075,1.279,1.434,1.381,0.000,3.738,1.283,1.260,4.409,1.812,0.000,3.106,0.000,0.000,0.000,0.000,0.000,0.000,0.000,0.000,0.000,0.000,0.000,3.142,6.281,6.283,1.005,1.569,1.568,4.082,6.281,1.199,4.712,0.000,0.000,-1.944,-4.819,0.990,4.795,1.610,1.531,5.281,4.711,4.710,2.199,6.282,5.083,1.570,0.000,0.000,-1.290,-4.873,0.991,4.795,1.618,1.523,
39.220,46.339,-1.670,-5.497,1.487,-0.806,6.274,2.139,1.268,1.428,1.375,0.000,3.673,1.293,1.266,4.436,1.821,0.000,3.106,0.000,0.000,0.000,0.000,0.000,0.000,0.000,0.000,0.000,0.000,0.000,3.142,0.000,0.000,1.003,1.570,1.570,4.086,6.281,1.199,4.712,0.000,0.000,-1.948,-4.882,0.990,4.797,1.633,1.507,5.280,4.712,4.712,2.199,6.282,5.083,1.570,0.000,0.000,-1.295,-4.937,0.990,4.797,1.618,1.523,
39.320,46.439,-1.680,-5.607,1.487,-1.075,6.274,2.247,1.250,1.418,1.366,3.207,3.563,1.310,1.276,4.482,1.836,0.000,3.106,0.000,0.000,0.000,0.000,0.000,0.000,0.000,0.000,0.000,0.000,0.000,3.142,0.001,0.000,1.002,1.570,1.571,4.088,6.281,1.200,4.712,0.000,0.000,-1.957,-4.991,0.990,4.798,1.645,1.496,5.280,4.712,4.713,2.199,6.282,5.083,1.570,0.000,0.000,-1.303,-5.047,0.990,4.797,1.619,1.522,
39.408,46.528,-1.689,-5.716,1.488,-1.100,6.274,2.354,1.232,1.408,1.357,3.065,3.453,0.000,1.163,4.528,1.774,0.000,3.106,0.000,0.000,0.000,0.000,0.000,0.000,0.000,0.000,0.000,0.000,0.000,3.142,6.283,0.000,1.003,1.570,1.570,4.085,6.281,1.199,4.712,0.000,0.000,-1.967,-5.101,0.990,4.796,1.630,1.510,5.281,4.711,4.712,2.199,6.282,5.083,1.570,0.000,0.000,-1.314,-5.156,0.990,4.796,1.620,1.521,
39.520,46.639,-1.696,-5.798,1.488,-0.997,6.275,2.435,1.219,1.400,1.350,2.959,3.371,0.000,0.947,1.180,1.785,0.000,3.106,0.000,0.000,0.000,0.000,0.000,0.000,0.000,0.000,0.000,0.000,0.000,3.142,6.283,0.000,1.004,1.569,1.569,4.085,6.281,1.199,4.712,0.000,0.000,-1.975,-5.184,0.990,4.795,1.627,1.514,5.281,4.711,4.711,2.199,6.282,5.083,1.570,0.000,0.000,-1.321,-5.238,0.990,4.795,1.619,1.522,
39.615,46.735,-1.705,-5.911,1.488,-0.967,6.274,2.547,1.201,1.390,1.340,2.813,3.257,0.000,0.765,1.190,1.871,0.000,3.106,0.000,0.000,0.000,0.000,0.000,0.000,0.000,0.000,0.000,0.000,0.000,3.142,0.000,0.000,1.003,1.570,1.570,4.086,6.281,1.199,4.712,0.000,0.000,-1.984,-5.297,0.990,4.796,1.636,1.505,5.280,4.712,4.712,2.199,6.282,5.083,1.570,0.000,0.000,-1.330,-5.351,0.990,4.795,1.620,1.521,
39.720,46.839,-1.711,-5.989,1.489,-1.021,6.275,2.624,1.292,1.383,1.333,2.712,3.179,0.000,0.772,1.248,1.972,0.000,3.106,0.000,0.000,0.000,0.000,0.000,0.000,0.000,0.000,0.000,0.000,0.000,3.142,0.000,0.000,1.003,1.570,1.570,4.086,6.281,1.199,4.712,0.000,0.000,-1.990,-5.375,0.990,4.795,1.638,1.503,5.280,4.712,4.712,2.199,6.282,5.083,1.570,0.000,0.000,-1.336,-5.429,0.990,4.795,1.620,1.521,
39.820,46.939,-1.721,-6.111,1.489,-1.034,6.275,2.744,1.437,1.372,1.323,2.554,3.056,0.000,0.783,1.258,2.130,0.000,3.106,0.000,0.000,0.000,0.000,0.000,0.000,0.000,0.000,0.000,0.000,0.000,3.142,0.000,0.000,1.003,1.570,1.570,4.086,6.281,1.199,4.712,0.000,0.000,-2.001,-5.497,0.990,4.795,1.633,1.507,5.281,4.712,4.712,2.199,6.282,5.083,1.570,0.000,0.000,-1.347,-5.551,0.990,4.794,1.621,1.521,
39.917,47.037,-1.730,-6.211,1.490,-1.001,6.275,2.842,1.555,1.363,1.424,2.425,2.956,0.000,0.792,1.267,4.377,0.000,3.106,0.000,0.000,0.000,0.000,0.000,0.000,0.000,0.000,0.000,0.000,0.000,3.142,6.283,0.000,1.003,1.570,1.570,4.086,6.281,1.199,4.712,0.000,0.000,-2.009,-5.597,0.990,4.794,1.633,1.508,5.281,4.712,4.712,2.199,6.282,5.083,1.570,0.000,0.000,-1.355,-5.650,0.990,4.794,1.621,1.520,
40.020,47.139,-1.736,-6.289,1.490,-0.998,6.275,2.919,1.648,1.356,1.418,2.415,2.877,0.000,0.798,1.274,4.478,0.000,3.106,0.000,0.000,0.000,0.000,0.000,0.000,0.000,0.000,0.000,0.000,0.000,3.142,0.000,0.000,1.003,1.570,1.570,4.086,6.281,1.199,4.712,0.000,0.000,-2.015,-5.675,0.990,4.794,1.635,1.506,5.281,4.712,4.712,2.199,6.282,5.083,1.570,0.000,0.000,-1.362,-5.728,0.990,4.794,1.621,1.520,
40.120,47.239,-1.745,-6.408,1.490,-1.017,6.275,3.035,1.789,1.346,0.000,2.401,2.758,0.000,0.808,0.771,4.631,0.000,3.106,0.000,0.000,0.000,0.000,0.000,0.000,0.000,0.000,0.000,0.000,0.000,3.142,0.000,0.000,1.003,1.570,1.570,4.086,6.281,1.199,4.712,0.000,0.000,-2.025,-5.794,0.990,4.794,1.636,1.505,5.280,4.712,4.712,2.199,6.282,5.083,1.570,0.000,0.000,-1.371,-5.847,0.990,4.793,1.622,1.520,
40.204,47.323,-1.753,-6.507,1.491,-1.018,6.275,3.134,1.908,1.337,0.000,2.390,2.658,0.000,0.000,0.780,4.759,0.000,3.106,0.000,0.000,0.000,0.000,0.000,0.000,0.000,0.000,0.000,0.000,0.000,3.142,0.000,0.000,1.003,1.570,1.570,4.086,6.281,1.199,4.712,0.000,0.000,-2.034,-5.894,0.990,4.793,1.635,1.505,5.281,4.712,4.712,2.199,6.282,5.083,1.570,0.000,0.000,-1.380,-5.946,0.990,4.793,1.622,1.519,
40.320,47.439,-1.760,-6.587,1.491,-1.010,6.275,3.212,2.003,1.330,0.000,2.380,2.578,0.000,0.000,0.786,4.861,0.000,3.106,0.000,0.000,0.000,0.000,0.000,0.000,0.000,0.000,0.000,0.000,0.000,3.142,0.000,0.000,1.003,1.570,1.570,4.086,6.281,1.199,4.712,0.000,0.000,-2.040,-5.973,0.990,4.793,1.635,1.505,5.281,4.712,4.712,2.199,6.282,5.083,1.570,0.000,0.000,-1.386,-6.026,0.990,4.793,1.622,1.519,
40.420,47.539,-1.769,-6.706,1.491,-1.009,6.275,3.329,2.280,1.319,0.000,2.366,2.459,0.000,0.000,0.796,0.000,0.000,3.106,0.000,0.000,0.000,0.000,0.000,0.000,0.000,0.000,0.000,0.000,0.000,3.142,0.000,0.000,1.003,1.570,1.570,4.086,6.281,1.199,4.712,0.000,0.000,-2.050,-6.092,0.990,4.792,1.636,1.504,5.281,4.712,4.712,2.199,6.282,5.083,1.570,0.000,0.000,-1.396,-6.144,0.990,4.792,1.622,1.519,
40.509,47.629,-1.775,-6.781,1.492,-0.484,6.277,3.403,2.269,1.313,0.000,2.357,2.383,0.000,0.000,0.802,0.000,0.000,3.106,0.000,0.000,0.000,0.000,0.000,0.000,0.000,0.000,0.000,0.000,0.000,3.142,6.281,6.283,1.006,1.568,1.567,4.081,6.281,1.199,4.712,0.000,0.000,-2.058,-6.169,0.990,4.789,1.604,1.536,5.281,4.710,4.710,2.199,6.282,5.083,1.570,0.000,0.000,-1.404,-6.220,0.991,4.789,1.621,1.520,
40.620,47.739,-1.777,-6.807,1.492,-0.206,6.277,3.428,2.265,1.311,0.000,2.354,2.358,2.552,0.000,0.805,0.000,0.000,3.106,0.000,0.000,0.000,0.000,0.000,0.000,0.000,0.000,0.000,0.000,0.000,3.142,6.282,0.000,1.004,1.569,1.569,4.083,6.281,1.199,4.712,0.000,0.000,-2.059,-6.194,0.990,4.791,1.619,1.522,5.281,4.711,4.711,2.199,6.282,5.083,1.570,0.000,0.000,-1.405,-6.245,0.990,4.791,1.621,1.520,
40.720,47.839,-1.778,-6.816,1.492,-0.011,6.267,3.437,2.263,1.310,0.000,2.354,2.348,2.534,0.000,0.805,0.000,0.000,3.106,0.000,0.000,0.000,0.000,0.000,0.000,0.000,0.000,0.000,0.000,0.000,3.142,6.283,0.000,1.004,1.569,1.569,4.085,6.281,1.199,4.712,0.000,0.000,-2.059,-6.203,0.990,4.791,1.629,1.512,5.281,4.711,4.711,2.199,6.282,5.083,1.570,0.000,0.000,-1.405,-6.255,0.990,4.791,1.621,1.520,
40.820,47.939,-1.778,-6.816,1.492,-0.001,6.267,3.437,2.262,1.310,0.000,2.354,2.348,2.535,0.000,0.805,0.000,0.000,3.106,0.000,0.000,0.000,0.000,0.000,0.000,0.000,0.000,0.000,0.000,0.000,3.142,6.283,0.000,1.003,1.569,1.569,4.085,6.281,1.199,4.712,0.000,0.000,-2.059,-6.203,0.990,4.791,1.634,1.507,5.281,4.711,4.711,2.198,6.282,5.083,1.570,0.000,0.000,-1.405,-6.255,0.990,4.791,1.625,1.516,
40.920,48.039,-1.778,-6.816,1.492,-0.001,6.267,3.437,2.262,1.310,0.000,2.354,2.348,2.535,0.000,0.805,0.000,0.000,3.106,0.000,0.000,0.000,0.000,0.000,0.000,0.000,0.000,0.000,0.000,0.000,3.142,6.283,0.000,1.003,1.569,1.569,4.085,6.281,1.199,4.712,0.000,0.000,-2.059,-6.203,0.990,4.791,1.634,1.507,5.281,4.711,4.711,2.198,6.282,5.083,1.570,0.000,0.000,-1.405,-6.255,0.990,4.791,1.625,1.516,
41.020,48.139,-1.778,-6.816,1.492,-0.001,6.267,3.437,2.262,1.310,0.000,2.354,2.348,2.535,0.000,0.805,0.000,0.000,3.106,0.000,0.000,0.000,0.000,0.000,0.000,0.000,0.000,0.000,0.000,0.000,3.142,6.283,0.000,1.003,1.569,1.569,4.085,6.281,1.199,4.712,0.000,0.000,-2.059,-6.203,0.990,4.791,1.634,1.507,5.281,4.711,4.711,2.198,6.282,5.083,1.570,0.000,0.000,-1.405,-6.255,0.990,4.791,1.625,1.516,
41.102,48.222,-1.778,-6.816,1.492,-0.001,6.267,3.437,2.262,1.310,0.000,2.354,2.348,2.535,0.000,0.805,0.000,0.000,3.106,0.000,0.000,0.000,0.000,0.000,0.000,0.000,0.000,0.000,0.000,0.000,3.142,6.283,0.000,1.003,1.569,1.569,4.085,6.281,1.199,4.712,0.000,0.000,-2.059,-6.203,0.990,4.791,1.634,1.507,5.281,4.711,4.711,2.198,6.282,5.083,1.570,0.000,0.000,-1.405,-6.255,0.990,4.791,1.625,1.516,
41.220,48.339,-1.778,-6.816,1.492,-0.001,6.267,3.437,2.262,1.310,0.000,2.354,2.348,2.535,0.000,0.805,0.000,0.000,3.106,0.000,0.000,0.000,0.000,0.000,0.000,0.000,0.000,0.000,0.000,0.000,3.142,6.283,0.000,1.003,1.569,1.569,4.085,6.281,1.199,4.712,0.000,0.000,-2.059,-6.203,0.990,4.791,1.634,1.507,5.281,4.711,4.711,2.198,6.282,5.083,1.570,0.000,0.000,-1.405,-6.255,0.990,4.791,1.625,1.516,
41.320,48.439,-1.778,-6.816,1.492,-0.001,6.267,3.437,2.262,1.310,0.000,2.354,2.348,2.535,0.000,0.805,0.000,0.000,3.106,0.000,0.000,0.000,0.000,0.000,0.000,0.000,0.000,0.000,0.000,0.000,3.142,6.283,0.000,1.003,1.569,1.569,4.085,6.281,1.199,4.712,0.000,0.000,-2.059,-6.203,0.990,4.791,1.634,1.507,5.281,4.711,4.711,2.198,6.282,5.083,1.570,0.000,0.000,-1.405,-6.255,0.990,4.791,1.625,1.516,
41.401,48.521,-1.778,-6.816,1.492,-0.001,6.267,3.437,2.262,1.310,0.000,2.354,2.348,2.535,0.000,0.805,0.000,0.000,3.106,0.000,0.000,0.000,0.000,0.000,0.000,0.000,0.000,0.000,0.000,0.000,3.142,6.283,0.000,1.003,1.569,1.569,4.085,6.281,1.199,4.712,0.000,0.000,-2.059,-6.203,0.990,4.791,1.634,1.507,5.281,4.711,4.711,2.198,6.282,5.083,1.570,0.000,0.000,-1.405,-6.255,0.990,4.791,1.625,1.516,
41.520,48.639,-1.778,-6.816,1.492,-0.001,6.267,3.437,2.262,1.310,0.000,2.354,2.348,2.535,0.000,0.805,0.000,0.000,3.106,0.000,0.000,0.000,0.000,0.000,0.000,0.000,0.000,0.000,0.000,0.000,3.142,6.283,0.000,1.003,1.569,1.569,4.085,6.281,1.199,4.712,0.000,0.000,-2.059,-6.203,0.990,4.791,1.634,1.507,5.281,4.711,4.711,2.198,6.282,5.083,1.570,0.000,0.000,-1.405,-6.255,0.990,4.791,1.625,1.516,
41.615,48.734,-1.778,-6.816,1.492,-0.001,6.267,3.437,2.262,1.310,0.000,2.354,2.348,2.535,0.000,0.805,0.000,0.000,3.106,0.000,0.000,0.000,0.000,0.000,0.000,0.000,0.000,0.000,0.000,0.000,3.142,6.283,0.000,1.003,1.569,1.569,4.085,6.281,1.199,4.712,0.000,0.000,-2.059,-6.203,0.990,4.791,1.634,1.507,5.281,4.711,4.711,2.198,6.282,5.083,1.570,0.000,0.000,-1.405,-6.255,0.990,4.791,1.625,1.516,
41.720,48.839,-1.778,-6.816,1.492,-0.001,6.267,3.437,2.262,1.310,0.000,2.354,2.348,2.535,0.000,0.805,0.000,0.000,3.106,0.000,0.000,0.000,0.000,0.000,0.000,0.000,0.000,0.000,0.000,0.000,3.142,6.283,0.000,1.003,1.569,1.569,4.085,6.281,1.199,4.712,0.000,0.000,-2.059,-6.203,0.990,4.791,1.634,1.507,5.281,4.711,4.711,2.198,6.282,5.083,1.570,0.000,0.000,-1.405,-6.255,0.990,4.791,1.625,1.516,
41.820,48.939,-1.778,-6.816,1.492,-0.001,6.267,3.437,2.262,1.310,0.000,2.354,2.348,2.535,0.000,0.805,0.000,0.000,3.106,0.000,0.000,0.000,0.000,0.000,0.000,0.000,0.000,0.000,0.000,0.000,3.142,6.283,0.000,1.003,1.569,1.569,4.085,6.281,1.199,4.712,0.000,0.000,-2.059,-6.203,0.990,4.791,1.634,1.507,5.281,4.711,4.711,2.198,6.282,5.083,1.570,0.000,0.000,-1.405,-6.255,0.990,4.791,1.625,1.516,
41.920,49.039,-1.778,-6.816,1.492,-0.001,6.267,3.437,2.262,1.310,0.000,2.354,2.348,2.535,0.000,0.805,0.000,0.000,3.106,0.000,0.000,0.000,0.000,0.000,0.000,0.000,0.000,0.000,0.000,0.000,3.142,6.283,0.000,1.003,1.569,1.569,4.085,6.281,1.199,4.712,0.000,0.000,-2.059,-6.203,0.990,4.791,1.634,1.507,5.281,4.711,4.711,2.198,6.282,5.083,1.570,0.000,0.000,-1.405,-6.255,0.990,4.791,1.625,1.516,
42.005,49.124,-1.778,-6.816,1.492,-0.001,6.267,3.437,2.262,1.